ul 59851.2006 -1.139140 2.430408
ul 59874.1612 -1.976971 1.664108
ul 59875.1175 -0.049727 2.038072
ul 59876.1160 -2.031657 2.088752
ul 59877.1178 -0.023676 1.672293
ul 59878.1127 0.673717 1.726741
ul 59879.1104 1.050523 1.805714
ul 59880.1181 0.843403 1.247889
ul 59904.0584 2.102043 2.248046
ul 59905.0468 -4.967519 2.669961
ul 59906.0474 0.636400 2.122620
ul 59907.0480 2.359108 1.987456
ul 59908.0487 -3.577261 2.984784
ul 59909.0494 1.383185 1.600944
ul 59910.0590 1.770013 1.641791
ul 59935.0739 0.553894 0.957749
ul 59936.0735 0.937800 1.260951
ul 59937.0743 -0.373130 1.295384
ul 59938.0754 0.638702 1.611158
ul 59939.0808 0.228234 1.806502
ul 60198.2332 -0.181850 2.787766
ul 60199.2358 -2.649802 2.037710
ul 60200.2314 0.048076 2.167957
ul 60201.2281 -1.227055 2.534058
ul 60202.2255 -1.067752 2.264197
ul 60236.1862 1.909584 1.883454
ul 60260.0773 1.932744 2.659218
ul 60261.0632 -3.050008 2.347340
ul 60262.0637 2.795792 2.198646
ul 60263.0643 1.801106 2.185384
ul 60264.0716 -0.073599 2.060950
ul 60265.0867 1.551074 2.466933
ul 60290.0641 -0.461323 1.552292
ul 60291.0599 -0.903581 1.505059
ul 60292.0607 -1.272552 1.419253
ul 60293.0607 -1.095554 1.474025
ul 60294.0616 -0.964109 1.325746
ul 60295.0621 1.375599 1.717042
ul 60554.2916 13.400209 2.037291
ul 60555.2620 16.055962 1.920850
ul 60556.2548 20.734581 2.436035
ul 60557.2501 21.928465 1.834713
ul 60558.2534 23.323105 2.370076
ul 60559.2490 19.267094 2.071987
ul 60560.2424 22.272141 3.002498
ul 60582.2087 18.499931 2.034883
ul 60583.1842 16.235146 2.739709
ul 60584.1807 13.215994 2.173777
ul 60585.1757 15.073240 1.843237
ul 60586.1765 12.745804 1.716391
ul 60587.1702 13.833056 2.080030
ul 60588.1666 13.848567 1.718624
ul 60612.1183 3.251491 1.226942
ul 60613.1019 0.918552 1.391750
ul 60614.0960 4.113036 1.658384
ul 60615.0917 -1.104905 1.870764
ul 60616.0927 2.792864 1.920417
ul 60617.0896 3.827905 1.496086
ul 60620.1350 -0.304020 1.596302
ul 60643.0609 0.482469 1.514343
ul 60644.0533 -0.301957 1.649457
ul 60645.0537 1.208891 1.730684
ul 60646.0548 1.450878 1.698921
ul 60647.0546 -0.363402 1.865409
ul 60648.0553 0.695145 1.354702
ul 60649.0561 0.298866 1.204570
ul 60671.0655 -0.560445 1.225713
ul 60672.0693 0.821215 0.889755
ul 60673.0745 1.183594 1.869798
ul 60674.0798 0.791986 1.817902
gl 59825.2676 -0.298213 1.003450
gl 59839.2236 0.993037 1.236329
gl 59842.2064 -0.368805 0.971635
gl 59854.2165 -1.114893 0.773574
gl 59857.1956 -3.325901 2.805094
gl 59867.1676 0.816660 1.264253
gl 59870.1597 -0.732344 0.764812
gl 59873.1519 -0.432480 0.561775
gl 59884.1368 2.206711 1.003336
gl 59887.1027 -1.983703 2.246363
gl 59896.0915 0.990799 0.924779
gl 59899.0930 0.276971 1.107450
gl 59902.0522 -0.153054 1.266628
gl 59913.2522 0.296310 0.786968
gl 59916.0621 -2.062211 2.350351
gl 59924.0665 0.624692 0.647296
gl 59927.0680 0.832742 0.775125
gl 59930.0695 0.709981 0.602396
gl 59933.0709 -0.204707 0.463754
gl 59942.0889 -1.012851 0.718741
gl 59945.0846 -1.109793 1.994426
gl 60192.3006 3.648199 2.594019
gl 60195.2419 -1.656885 0.936734
gl 60209.2357 0.901566 0.994040
gl 60212.2223 -3.247026 2.608619
gl 60223.2024 2.131413 1.149465
gl 60226.2797 -0.231844 0.563334
gl 60238.2803 0.386641 0.704348
gl 60241.1418 -0.096287 2.027677
gl 60267.0519 0.462261 1.423965
gl 60270.1158 0.418342 3.494092
gl 60278.0601 -0.213660 0.862520
gl 60281.0629 -0.122164 0.894125
gl 60284.0633 -0.342717 0.598030
gl 60287.0653 0.122676 0.801207
gl 60297.1245 -0.365519 0.944255
gl 60300.0717 1.440469 2.040387
gl 60567.2308 65.750351 2.096438
gl 60578.2822 68.131233 1.302662
gl 60581.1855 64.149307 1.257035
gl 60593.1758 48.637585 1.033382
gl 60596.1896 34.553482 2.825857
gl 60605.1456 31.192230 0.778777
gl 60608.1384 26.632696 0.699147
gl 60611.1303 22.389353 0.608714
gl 60621.1339 14.951853 0.739372
gl 60624.0897 7.218893 1.619317
gl 60627.2877 11.827973 3.182132
gl 60632.0476 6.895442 1.346977
gl 60635.0545 7.616089 0.952473
gl 60640.0580 3.319592 0.839439
gl 60651.1451 1.410850 0.786684
gl 60654.0673 0.930885 2.161067
gl 60662.1527 4.039067 1.954503
gl 60665.0713 0.134778 0.530954
gl 60668.0723 -0.151370 0.802542
rl 59825.2600 0.881674 0.927870
rl 59839.2161 -0.819924 1.127476
rl 59842.1987 0.849027 1.032591
rl 59854.2089 -0.623746 0.835424
rl 59857.1879 2.302944 2.048586
rl 59867.1600 0.389290 1.034099
rl 59870.1521 -1.254140 0.798006
rl 59873.1442 0.283014 0.654977
rl 59884.1292 -0.855563 0.917835
rl 59887.0951 -0.029439 1.620189
rl 59896.0839 -1.275062 0.917054
rl 59899.0854 -0.536835 1.178521
rl 59902.0445 -0.127903 1.362990
rl 59913.2446 0.745762 0.723616
rl 59916.0544 -0.750744 1.740614
rl 59924.0589 0.376814 0.683614
rl 59927.0604 0.148445 0.770430
rl 59930.0619 1.308299 0.657603
rl 59933.0632 -0.331173 0.514702
rl 59942.0746 0.448979 0.709251
rl 59945.0770 -1.664934 1.426922
rl 60192.2930 -1.381356 1.930018
rl 60195.2343 -1.973116 1.025014
rl 60209.2281 -0.517672 1.091784
rl 60212.2147 0.286538 1.745639
rl 60223.1948 1.541820 1.183730
rl 60226.2721 0.798087 0.643190
rl 60238.2696 0.722890 0.658663
rl 60241.1342 -0.393922 1.587423
rl 60267.0443 2.005959 1.277513
rl 60270.1082 0.054638 2.308784
rl 60278.0525 -0.023131 0.888806
rl 60281.0552 1.241217 0.961840
rl 60284.0557 0.304253 0.686376
rl 60287.0577 0.082392 0.822174
rl 60297.1169 -0.435969 0.844980
rl 60300.0641 0.656796 1.564005
rl 60567.2231 116.911591 1.607626
rl 60578.2746 139.001602 1.396962
rl 60581.1779 140.249634 1.452999
rl 60593.1682 126.156929 1.153251
rl 60596.1820 125.246620 2.117268
rl 60605.1380 94.339455 0.965317
rl 60608.1308 88.039780 0.880797
rl 60611.1227 80.593300 0.784860
rl 60621.1263 58.063938 0.831599
rl 60624.0821 50.226902 1.302639
rl 60627.2801 43.693295 2.515601
rl 60632.0400 36.730057 1.464281
rl 60635.0469 34.235149 1.053845
rl 60640.0504 25.284912 0.922724
rl 60651.1265 17.052673 0.801712
rl 60654.0597 12.578137 1.609488
rl 60662.1451 9.014515 1.288420
rl 60665.0637 7.620720 0.577114
rl 60668.0647 7.533568 0.847736
il 59825.2752 -1.119701 1.865040
il 59839.2313 -0.886778 1.718722
il 59842.2140 0.675467 1.608556
il 59854.2242 -1.051477 1.335857
il 59857.2032 -0.122449 2.226433
il 59867.1753 1.048193 1.660967
il 59870.1673 1.012425 1.230801
il 59873.1595 0.612568 0.989821
il 59884.1444 -0.240071 1.131169
il 59887.1103 1.055410 1.784661
il 59896.0992 0.151306 1.567343
il 59899.1007 -1.791486 2.073834
il 59902.0598 -3.484244 1.985587
il 59913.2599 2.606720 1.344076
il 59916.0697 2.174390 2.083924
il 59924.0742 0.143024 1.106350
il 59927.0756 1.575583 1.389300
il 59930.0771 0.675441 1.094799
il 59933.0785 -0.562901 0.840034
il 59942.0965 -1.125245 0.970746
il 59945.0922 -1.157344 1.784334
il 60192.3082 0.710640 2.159789
il 60195.2496 -1.333344 1.578961
il 60209.2433 1.033852 1.653962
il 60212.2300 -2.633700 2.017397
il 60223.2100 -0.909694 1.911658
il 60226.2931 -0.535740 1.028126
il 60238.2879 -0.428335 1.172264
il 60241.1495 1.757554 1.749933
il 60267.0595 -0.457273 1.857234
il 60270.1234 -1.258929 2.926499
il 60278.0677 -2.000637 1.453369
il 60281.0705 -2.372722 1.389818
il 60284.0709 0.882735 1.148097
il 60287.0729 -0.661503 1.382411
il 60297.1321 -1.925781 1.142450
il 60300.0793 0.120469 1.661053
il 60567.2384 152.741959 1.779040
il 60578.2898 194.854156 2.063744
il 60581.1931 202.872711 2.162264
il 60593.1834 199.955261 1.660350
il 60596.1972 195.274384 2.439489
il 60605.1532 170.465134 1.539400
il 60608.1460 161.485123 1.426386
il 60611.1380 152.271805 1.296790
il 60621.1416 121.915367 1.342831
il 60624.0974 111.388397 1.664705
il 60627.2954 103.645180 2.805872
il 60632.0552 88.507309 2.232353
il 60635.0621 83.921570 1.644572
il 60640.0656 67.731934 1.471969
il 60651.1527 46.097805 1.275352
il 60654.0749 41.851883 1.869284
il 60662.1603 32.828514 1.630656
il 60665.0789 28.345245 0.970215
il 60668.0893 26.189840 1.379188
ul 59851.2006 -1.139140 2.430408
ul 59874.1612 -1.976971 1.664108
ul 59875.1175 -0.049727 2.038072
ul 59876.1160 -2.031657 2.088752
ul 59877.1178 -0.023676 1.672293
ul 59878.1127 0.673717 1.726741
ul 59879.1104 1.050523 1.805714
ul 59880.1181 0.843403 1.247889
ul 59904.0584 2.102043 2.248046
ul 59905.0468 -4.967519 2.669961
ul 59906.0474 0.636400 2.122620
ul 59907.0480 2.359108 1.987456
ul 59908.0487 -3.577261 2.984784
ul 59909.0494 1.383185 1.600944
ul 59910.0590 1.770013 1.641791
ul 59935.0739 0.553894 0.957749
ul 59936.0735 0.937800 1.260951
ul 59937.0743 -0.373130 1.295384
ul 59938.0754 0.638702 1.611158
ul 59939.0808 0.228234 1.806502
ul 60198.2332 -0.181850 2.787766
ul 60199.2358 -2.649802 2.037710
ul 60200.2314 0.048076 2.167957
ul 60201.2281 -1.227055 2.534058
ul 60202.2255 -1.067752 2.264197
ul 60236.1862 1.909584 1.883454
ul 60260.0773 1.932744 2.659218
ul 60261.0632 -3.050008 2.347340
ul 60262.0637 2.795792 2.198646
ul 60263.0643 1.801106 2.185384
ul 60264.0716 -0.073599 2.060950
ul 60265.0867 1.551074 2.466933
ul 60290.0641 -0.461323 1.552292
ul 60291.0599 -0.903581 1.505059
ul 60292.0607 -1.272552 1.419253
ul 60293.0607 -1.095554 1.474025
ul 60294.0616 -0.964109 1.325746
ul 60295.0621 1.375599 1.717042
ul 60554.2916 13.400209 2.037291
ul 60555.2620 16.055962 1.920850
ul 60556.2548 20.734581 2.436035
ul 60557.2501 21.928465 1.834713
ul 60558.2534 23.323105 2.370076
ul 60559.2490 19.267094 2.071987
ul 60560.2424 22.272141 3.002498
ul 60582.2087 18.499931 2.034883
ul 60583.1842 16.235146 2.739709
ul 60584.1807 13.215994 2.173777
ul 60585.1757 15.073240 1.843237
ul 60586.1765 12.745804 1.716391
ul 60587.1702 13.833056 2.080030
ul 60588.1666 13.848567 1.718624
ul 60612.1183 3.251491 1.226942
ul 60613.1019 0.918552 1.391750
ul 60614.0960 4.113036 1.658384
ul 60615.0917 -1.104905 1.870764
ul 60616.0927 2.792864 1.920417
ul 60617.0896 3.827905 1.496086
ul 60620.1350 -0.304020 1.596302
ul 60643.0609 0.482469 1.514343
ul 60644.0533 -0.301957 1.649457
ul 60645.0537 1.208891 1.730684
ul 60646.0548 1.450878 1.698921
ul 60647.0546 -0.363402 1.865409
ul 60648.0553 0.695145 1.354702
ul 60649.0561 0.298866 1.204570
ul 60671.0655 -0.560445 1.225713
ul 60672.0693 0.821215 0.889755
ul 60673.0745 1.183594 1.869798
ul 60674.0798 0.791986 1.817902
gl 59825.2676 -0.298213 1.003450
gl 59839.2236 0.993037 1.236329
gl 59842.2064 -0.368805 0.971635
gl 59854.2165 -1.114893 0.773574
gl 59857.1956 -3.325901 2.805094
gl 59867.1676 0.816660 1.264253
gl 59870.1597 -0.732344 0.764812
gl 59873.1519 -0.432480 0.561775
gl 59884.1368 2.206711 1.003336
gl 59887.1027 -1.983703 2.246363
gl 59896.0915 0.990799 0.924779
gl 59899.0930 0.276971 1.107450
gl 59902.0522 -0.153054 1.266628
gl 59913.2522 0.296310 0.786968
gl 59916.0621 -2.062211 2.350351
gl 59924.0665 0.624692 0.647296
gl 59927.0680 0.832742 0.775125
gl 59930.0695 0.709981 0.602396
gl 59933.0709 -0.204707 0.463754
gl 59942.0889 -1.012851 0.718741
gl 59945.0846 -1.109793 1.994426
gl 60192.3006 3.648199 2.594019
gl 60195.2419 -1.656885 0.936734
gl 60209.2357 0.901566 0.994040
gl 60212.2223 -3.247026 2.608619
gl 60223.2024 2.131413 1.149465
gl 60226.2797 -0.231844 0.563334
gl 60238.2803 0.386641 0.704348
gl 60241.1418 -0.096287 2.027677
gl 60267.0519 0.462261 1.423965
gl 60270.1158 0.418342 3.494092
gl 60278.0601 -0.213660 0.862520
gl 60281.0629 -0.122164 0.894125
gl 60284.0633 -0.342717 0.598030
gl 60287.0653 0.122676 0.801207
gl 60297.1245 -0.365519 0.944255
gl 60300.0717 1.440469 2.040387
gl 60567.2308 65.750351 2.096438
gl 60578.2822 68.131233 1.302662
gl 60581.1855 64.149307 1.257035
gl 60593.1758 48.637585 1.033382
gl 60596.1896 34.553482 2.825857
gl 60605.1456 31.192230 0.778777
gl 60608.1384 26.632696 0.699147
gl 60611.1303 22.389353 0.608714
gl 60621.1339 14.951853 0.739372
gl 60624.0897 7.218893 1.619317
gl 60627.2877 11.827973 3.182132
gl 60632.0476 6.895442 1.346977
gl 60635.0545 7.616089 0.952473
gl 60640.0580 3.319592 0.839439
gl 60651.1451 1.410850 0.786684
gl 60654.0673 0.930885 2.161067
gl 60662.1527 4.039067 1.954503
gl 60665.0713 0.134778 0.530954
gl 60668.0723 -0.151370 0.802542
rl 59825.2600 0.881674 0.927870
rl 59839.2161 -0.819924 1.127476
rl 59842.1987 0.849027 1.032591
rl 59854.2089 -0.623746 0.835424
rl 59857.1879 2.302944 2.048586
rl 59867.1600 0.389290 1.034099
rl 59870.1521 -1.254140 0.798006
rl 59873.1442 0.283014 0.654977
rl 59884.1292 -0.855563 0.917835
rl 59887.0951 -0.029439 1.620189
rl 59896.0839 -1.275062 0.917054
rl 59899.0854 -0.536835 1.178521
rl 59902.0445 -0.127903 1.362990
rl 59913.2446 0.745762 0.723616
rl 59916.0544 -0.750744 1.740614
rl 59924.0589 0.376814 0.683614
rl 59927.0604 0.148445 0.770430
rl 59930.0619 1.308299 0.657603
rl 59933.0632 -0.331173 0.514702
rl 59942.0746 0.448979 0.709251
rl 59945.0770 -1.664934 1.426922
rl 60192.2930 -1.381356 1.930018
rl 60195.2343 -1.973116 1.025014
rl 60209.2281 -0.517672 1.091784
rl 60212.2147 0.286538 1.745639
rl 60223.1948 1.541820 1.183730
rl 60226.2721 0.798087 0.643190
rl 60238.2696 0.722890 0.658663
rl 60241.1342 -0.393922 1.587423
rl 60267.0443 2.005959 1.277513
rl 60270.1082 0.054638 2.308784
rl 60278.0525 -0.023131 0.888806
rl 60281.0552 1.241217 0.961840
rl 60284.0557 0.304253 0.686376
rl 60287.0577 0.082392 0.822174
rl 60297.1169 -0.435969 0.844980
rl 60300.0641 0.656796 1.564005
rl 60567.2231 116.911591 1.607626
rl 60578.2746 139.001602 1.396962
rl 60581.1779 140.249634 1.452999
rl 60593.1682 126.156929 1.153251
rl 60596.1820 125.246620 2.117268
rl 60605.1380 94.339455 0.965317
rl 60608.1308 88.039780 0.880797
rl 60611.1227 80.593300 0.784860
rl 60621.1263 58.063938 0.831599
rl 60624.0821 50.226902 1.302639
rl 60627.2801 43.693295 2.515601
rl 60632.0400 36.730057 1.464281
rl 60635.0469 34.235149 1.053845
rl 60640.0504 25.284912 0.922724
rl 60651.1265 17.052673 0.801712
rl 60654.0597 12.578137 1.609488
rl 60662.1451 9.014515 1.288420
rl 60665.0637 7.620720 0.577114
rl 60668.0647 7.533568 0.847736
il 59825.2752 -1.119701 1.865040
il 59839.2313 -0.886778 1.718722
il 59842.2140 0.675467 1.608556
il 59854.2242 -1.051477 1.335857
il 59857.2032 -0.122449 2.226433
il 59867.1753 1.048193 1.660967
il 59870.1673 1.012425 1.230801
il 59873.1595 0.612568 0.989821
il 59884.1444 -0.240071 1.131169
il 59887.1103 1.055410 1.784661
il 59896.0992 0.151306 1.567343
il 59899.1007 -1.791486 2.073834
il 59902.0598 -3.484244 1.985587
il 59913.2599 2.606720 1.344076
il 59916.0697 2.174390 2.083924
il 59924.0742 0.143024 1.106350
il 59927.0756 1.575583 1.389300
il 59930.0771 0.675441 1.094799
il 59933.0785 -0.562901 0.840034
il 59942.0965 -1.125245 0.970746
il 59945.0922 -1.157344 1.784334
il 60192.3082 0.710640 2.159789
il 60195.2496 -1.333344 1.578961
il 60209.2433 1.033852 1.653962
il 60212.2300 -2.633700 2.017397
il 60223.2100 -0.909694 1.911658
il 60226.2931 -0.535740 1.028126
il 60238.2879 -0.428335 1.172264
il 60241.1495 1.757554 1.749933
il 60267.0595 -0.457273 1.857234
il 60270.1234 -1.258929 2.926499
il 60278.0677 -2.000637 1.453369
il 60281.0705 -2.372722 1.389818
il 60284.0709 0.882735 1.148097
il 60287.0729 -0.661503 1.382411
il 60297.1321 -1.925781 1.142450
il 60300.0793 0.120469 1.661053
il 60567.2384 152.741959 1.779040
il 60578.2898 194.854156 2.063744
il 60581.1931 202.872711 2.162264
il 60593.1834 199.955261 1.660350
il 60596.1972 195.274384 2.439489
il 60605.1532 170.465134 1.539400
il 60608.1460 161.485123 1.426386
il 60611.1380 152.271805 1.296790
il 60621.1416 121.915367 1.342831
il 60624.0974 111.388397 1.664705
il 60627.2954 103.645180 2.805872
il 60632.0552 88.507309 2.232353
il 60635.0621 83.921570 1.644572
il 60640.0656 67.731934 1.471969
il 60651.1527 46.097805 1.275352
il 60654.0749 41.851883 1.869284
il 60662.1603 32.828514 1.630656
il 60665.0789 28.345245 0.970215
il 60668.0893 26.189840 1.379188
ul 59851.2006 -1.139140 2.430408
ul 59874.1612 -1.976971 1.664108
ul 59875.1175 -0.049727 2.038072
ul 59876.1160 -2.031657 2.088752
ul 59877.1178 -0.023676 1.672293
ul 59878.1127 0.673717 1.726741
ul 59879.1104 1.050523 1.805714
ul 59880.1181 0.843403 1.247889
ul 59904.0584 2.102043 2.248046
ul 59905.0468 -4.967519 2.669961
ul 59906.0474 0.636400 2.122620
ul 59907.0480 2.359108 1.987456
ul 59908.0487 -3.577261 2.984784
ul 59909.0494 1.383185 1.600944
ul 59910.0590 1.770013 1.641791
ul 59935.0739 0.553894 0.957749
ul 59936.0735 0.937800 1.260951
ul 59937.0743 -0.373130 1.295384
ul 59938.0754 0.638702 1.611158
ul 59939.0808 0.228234 1.806502
ul 60198.2332 -0.181850 2.787766
ul 60199.2358 -2.649802 2.037710
ul 60200.2314 0.048076 2.167957
ul 60201.2281 -1.227055 2.534058
ul 60202.2255 -1.067752 2.264197
ul 60236.1862 1.909584 1.883454
ul 60260.0773 1.932744 2.659218
ul 60261.0632 -3.050008 2.347340
ul 60262.0637 2.795792 2.198646
ul 60263.0643 1.801106 2.185384
ul 60264.0716 -0.073599 2.060950
ul 60265.0867 1.551074 2.466933
ul 60290.0641 -0.461323 1.552292
ul 60291.0599 -0.903581 1.505059
ul 60292.0607 -1.272552 1.419253
ul 60293.0607 -1.095554 1.474025
ul 60294.0616 -0.964109 1.325746
ul 60295.0621 1.375599 1.717042
ul 60554.2916 13.400209 2.037291
ul 60555.2620 16.055962 1.920850
ul 60556.2548 20.734581 2.436035
ul 60557.2501 21.928465 1.834713
ul 60558.2534 23.323105 2.370076
ul 60559.2490 19.267094 2.071987
ul 60560.2424 22.272141 3.002498
ul 60582.2087 18.499931 2.034883
ul 60583.1842 16.235146 2.739709
ul 60584.1807 13.215994 2.173777
ul 60585.1757 15.073240 1.843237
ul 60586.1765 12.745804 1.716391
ul 60587.1702 13.833056 2.080030
ul 60588.1666 13.848567 1.718624
ul 60612.1183 3.251491 1.226942
ul 60613.1019 0.918552 1.391750
ul 60614.0960 4.113036 1.658384
ul 60615.0917 -1.104905 1.870764
ul 60616.0927 2.792864 1.920417
ul 60617.0896 3.827905 1.496086
ul 60620.1350 -0.304020 1.596302
ul 60643.0609 0.482469 1.514343
ul 60644.0533 -0.301957 1.649457
ul 60645.0537 1.208891 1.730684
ul 60646.0548 1.450878 1.698921
ul 60647.0546 -0.363402 1.865409
ul 60648.0553 0.695145 1.354702
ul 60649.0561 0.298866 1.204570
ul 60671.0655 -0.560445 1.225713
ul 60672.0693 0.821215 0.889755
ul 60673.0745 1.183594 1.869798
ul 60674.0798 0.791986 1.817902
gl 59825.2676 -0.298213 1.003450
gl 59839.2236 0.993037 1.236329
gl 59842.2064 -0.368805 0.971635
gl 59854.2165 -1.114893 0.773574
gl 59857.1956 -3.325901 2.805094
gl 59867.1676 0.816660 1.264253
gl 59870.1597 -0.732344 0.764812
gl 59873.1519 -0.432480 0.561775
gl 59884.1368 2.206711 1.003336
gl 59887.1027 -1.983703 2.246363
gl 59896.0915 0.990799 0.924779
gl 59899.0930 0.276971 1.107450
gl 59902.0522 -0.153054 1.266628
gl 59913.2522 0.296310 0.786968
gl 59916.0621 -2.062211 2.350351
gl 59924.0665 0.624692 0.647296
gl 59927.0680 0.832742 0.775125
gl 59930.0695 0.709981 0.602396
gl 59933.0709 -0.204707 0.463754
gl 59942.0889 -1.012851 0.718741
gl 59945.0846 -1.109793 1.994426
gl 60192.3006 3.648199 2.594019
gl 60195.2419 -1.656885 0.936734
gl 60209.2357 0.901566 0.994040
gl 60212.2223 -3.247026 2.608619
gl 60223.2024 2.131413 1.149465
gl 60226.2797 -0.231844 0.563334
gl 60238.2803 0.386641 0.704348
gl 60241.1418 -0.096287 2.027677
gl 60267.0519 0.462261 1.423965
gl 60270.1158 0.418342 3.494092
gl 60278.0601 -0.213660 0.862520
gl 60281.0629 -0.122164 0.894125
gl 60284.0633 -0.342717 0.598030
gl 60287.0653 0.122676 0.801207
gl 60297.1245 -0.365519 0.944255
gl 60300.0717 1.440469 2.040387
gl 60567.2308 65.750351 2.096438
gl 60578.2822 68.131233 1.302662
gl 60581.1855 64.149307 1.257035
gl 60593.1758 48.637585 1.033382
gl 60596.1896 34.553482 2.825857
gl 60605.1456 31.192230 0.778777
gl 60608.1384 26.632696 0.699147
gl 60611.1303 22.389353 0.608714
gl 60621.1339 14.951853 0.739372
gl 60624.0897 7.218893 1.619317
gl 60627.2877 11.827973 3.182132
gl 60632.0476 6.895442 1.346977
gl 60635.0545 7.616089 0.952473
gl 60640.0580 3.319592 0.839439
gl 60651.1451 1.410850 0.786684
gl 60654.0673 0.930885 2.161067
gl 60662.1527 4.039067 1.954503
gl 60665.0713 0.134778 0.530954
gl 60668.0723 -0.151370 0.802542
rl 59825.2600 0.881674 0.927870
rl 59839.2161 -0.819924 1.127476
rl 59842.1987 0.849027 1.032591
rl 59854.2089 -0.623746 0.835424
rl 59857.1879 2.302944 2.048586
rl 59867.1600 0.389290 1.034099
rl 59870.1521 -1.254140 0.798006
rl 59873.1442 0.283014 0.654977
rl 59884.1292 -0.855563 0.917835
rl 59887.0951 -0.029439 1.620189
rl 59896.0839 -1.275062 0.917054
rl 59899.0854 -0.536835 1.178521
rl 59902.0445 -0.127903 1.362990
rl 59913.2446 0.745762 0.723616
rl 59916.0544 -0.750744 1.740614
rl 59924.0589 0.376814 0.683614
rl 59927.0604 0.148445 0.770430
rl 59930.0619 1.308299 0.657603
rl 59933.0632 -0.331173 0.514702
rl 59942.0746 0.448979 0.709251
rl 59945.0770 -1.664934 1.426922
rl 60192.2930 -1.381356 1.930018
rl 60195.2343 -1.973116 1.025014
rl 60209.2281 -0.517672 1.091784
rl 60212.2147 0.286538 1.745639
rl 60223.1948 1.541820 1.183730
rl 60226.2721 0.798087 0.643190
rl 60238.2696 0.722890 0.658663
rl 60241.1342 -0.393922 1.587423
rl 60267.0443 2.005959 1.277513
rl 60270.1082 0.054638 2.308784
rl 60278.0525 -0.023131 0.888806
rl 60281.0552 1.241217 0.961840
rl 60284.0557 0.304253 0.686376
rl 60287.0577 0.082392 0.822174
rl 60297.1169 -0.435969 0.844980
rl 60300.0641 0.656796 1.564005
rl 60567.2231 116.911591 1.607626
rl 60578.2746 139.001602 1.396962
rl 60581.1779 140.249634 1.452999
rl 60593.1682 126.156929 1.153251
rl 60596.1820 125.246620 2.117268
rl 60605.1380 94.339455 0.965317
rl 60608.1308 88.039780 0.880797
rl 60611.1227 80.593300 0.784860
rl 60621.1263 58.063938 0.831599
rl 60624.0821 50.226902 1.302639
rl 60627.2801 43.693295 2.515601
rl 60632.0400 36.730057 1.464281
rl 60635.0469 34.235149 1.053845
rl 60640.0504 25.284912 0.922724
rl 60651.1265 17.052673 0.801712
rl 60654.0597 12.578137 1.609488
rl 60662.1451 9.014515 1.288420
rl 60665.0637 7.620720 0.577114
rl 60668.0647 7.533568 0.847736
il 59825.2752 -1.119701 1.865040
il 59839.2313 -0.886778 1.718722
il 59842.2140 0.675467 1.608556
il 59854.2242 -1.051477 1.335857
il 59857.2032 -0.122449 2.226433
il 59867.1753 1.048193 1.660967
il 59870.1673 1.012425 1.230801
il 59873.1595 0.612568 0.989821
il 59884.1444 -0.240071 1.131169
il 59887.1103 1.055410 1.784661
il 59896.0992 0.151306 1.567343
il 59899.1007 -1.791486 2.073834
il 59902.0598 -3.484244 1.985587
il 59913.2599 2.606720 1.344076
il 59916.0697 2.174390 2.083924
il 59924.0742 0.143024 1.106350
il 59927.0756 1.575583 1.389300
il 59930.0771 0.675441 1.094799
il 59933.0785 -0.562901 0.840034
il 59942.0965 -1.125245 0.970746
il 59945.0922 -1.157344 1.784334
il 60192.3082 0.710640 2.159789
il 60195.2496 -1.333344 1.578961
il 60209.2433 1.033852 1.653962
il 60212.2300 -2.633700 2.017397
il 60223.2100 -0.909694 1.911658
il 60226.2931 -0.535740 1.028126
il 60238.2879 -0.428335 1.172264
il 60241.1495 1.757554 1.749933
il 60267.0595 -0.457273 1.857234
il 60270.1234 -1.258929 2.926499
il 60278.0677 -2.000637 1.453369
il 60281.0705 -2.372722 1.389818
il 60284.0709 0.882735 1.148097
il 60287.0729 -0.661503 1.382411
il 60297.1321 -1.925781 1.142450
il 60300.0793 0.120469 1.661053
il 60567.2384 152.741959 1.779040
il 60578.2898 194.854156 2.063744
il 60581.1931 202.872711 2.162264
il 60593.1834 199.955261 1.660350
il 60596.1972 195.274384 2.439489
il 60605.1532 170.465134 1.539400
il 60608.1460 161.485123 1.426386
il 60611.1380 152.271805 1.296790
il 60621.1416 121.915367 1.342831
il 60624.0974 111.388397 1.664705
il 60627.2954 103.645180 2.805872
il 60632.0552 88.507309 2.232353
il 60635.0621 83.921570 1.644572
il 60640.0656 67.731934 1.471969
il 60651.1527 46.097805 1.275352
il 60654.0749 41.851883 1.869284
il 60662.1603 32.828514 1.630656
il 60665.0789 28.345245 0.970215
il 60668.0893 26.189840 1.379188
ul 59878.1127 0.673717 1.726741
ul 59879.1104 1.050523 1.805714
ul 59880.1181 0.843403 1.247889
ul 59904.0584 2.102043 2.248046
ul 59906.0474 0.636400 2.122620
ul 59907.0480 2.359108 1.987456
ul 59909.0494 1.383185 1.600944
ul 59910.0590 1.770013 1.641791
ul 59935.0739 0.553894 0.957749
ul 59936.0735 0.937800 1.260951
ul 59938.0754 0.638702 1.611158
ul 59939.0808 0.228234 1.806502
ul 60200.2314 0.048076 2.167957
ul 60236.1862 1.909584 1.883454
ul 60260.0773 1.932744 2.659218
ul 60262.0637 2.795792 2.198646
ul 60263.0643 1.801106 2.185384
ul 60265.0867 1.551074 2.466933
ul 60295.0621 1.375599 1.717042
ul 60554.2916 13.400209 2.037291
ul 60555.2620 16.055962 1.920850
ul 60556.2548 20.734581 2.436035
ul 60557.2501 21.928465 1.834713
ul 60558.2534 23.323105 2.370076
ul 60559.2490 19.267094 2.071987
ul 60560.2424 22.272141 3.002498
ul 60582.2087 18.499931 2.034883
ul 60583.1842 16.235146 2.739709
ul 60584.1807 13.215994 2.173777
ul 60585.1757 15.073240 1.843237
ul 60586.1765 12.745804 1.716391
ul 60587.1702 13.833056 2.080030
ul 60588.1666 13.848567 1.718624
ul 60612.1183 3.251491 1.226942
ul 60613.1019 0.918552 1.391750
ul 60614.0960 4.113036 1.658384
ul 60616.0927 2.792864 1.920417
ul 60617.0896 3.827905 1.496086
ul 60643.0609 0.482469 1.514343
ul 60645.0537 1.208891 1.730684
ul 60646.0548 1.450878 1.698921
ul 60648.0553 0.695145 1.354702
ul 60649.0561 0.298866 1.204570
ul 60672.0693 0.821215 0.889755
ul 60673.0745 1.183594 1.869798
ul 60674.0798 0.791986 1.817902
gl 59839.2236 0.993037 1.236329
gl 59867.1676 0.816660 1.264253
gl 59884.1368 2.206711 1.003336
gl 59896.0915 0.990799 0.924779
gl 59899.0930 0.276971 1.107450
gl 59913.2522 0.296310 0.786968
gl 59924.0665 0.624692 0.647296
gl 59927.0680 0.832742 0.775125
gl 59930.0695 0.709981 0.602396
gl 60192.3006 3.648199 2.594019
gl 60209.2357 0.901566 0.994040
gl 60223.2024 2.131413 1.149465
gl 60238.2803 0.386641 0.704348
gl 60267.0519 0.462261 1.423965
gl 60270.1158 0.418342 3.494092
gl 60287.0653 0.122676 0.801207
gl 60300.0717 1.440469 2.040387
gl 60567.2308 65.750351 2.096438
gl 60578.2822 68.131233 1.302662
gl 60581.1855 64.149307 1.257035
gl 60593.1758 48.637585 1.033382
gl 60596.1896 34.553482 2.825857
gl 60605.1456 31.192230 0.778777
gl 60608.1384 26.632696 0.699147
gl 60611.1303 22.389353 0.608714
gl 60621.1339 14.951853 0.739372
gl 60624.0897 7.218893 1.619317
gl 60627.2877 11.827973 3.182132
gl 60632.0476 6.895442 1.346977
gl 60635.0545 7.616089 0.952473
gl 60640.0580 3.319592 0.839439
gl 60651.1451 1.410850 0.786684
gl 60654.0673 0.930885 2.161067
gl 60662.1527 4.039067 1.954503
gl 60665.0713 0.134778 0.530954
rl 59825.2600 0.881674 0.927870
rl 59842.1987 0.849027 1.032591
rl 59857.1879 2.302944 2.048586
rl 59867.1600 0.389290 1.034099
rl 59873.1442 0.283014 0.654977
rl 59913.2446 0.745762 0.723616
rl 59924.0589 0.376814 0.683614
rl 59927.0604 0.148445 0.770430
rl 59930.0619 1.308299 0.657603
rl 59942.0746 0.448979 0.709251
rl 60212.2147 0.286538 1.745639
rl 60223.1948 1.541820 1.183730
rl 60226.2721 0.798087 0.643190
rl 60238.2696 0.722890 0.658663
rl 60267.0443 2.005959 1.277513
rl 60270.1082 0.054638 2.308784
rl 60281.0552 1.241217 0.961840
rl 60284.0557 0.304253 0.686376
rl 60287.0577 0.082392 0.822174
rl 60300.0641 0.656796 1.564005
rl 60567.2231 116.911591 1.607626
rl 60578.2746 139.001602 1.396962
rl 60581.1779 140.249634 1.452999
rl 60593.1682 126.156929 1.153251
rl 60596.1820 125.246620 2.117268
rl 60605.1380 94.339455 0.965317
rl 60608.1308 88.039780 0.880797
rl 60611.1227 80.593300 0.784860
rl 60621.1263 58.063938 0.831599
rl 60624.0821 50.226902 1.302639
rl 60627.2801 43.693295 2.515601
rl 60632.0400 36.730057 1.464281
rl 60635.0469 34.235149 1.053845
rl 60640.0504 25.284912 0.922724
rl 60651.1265 17.052673 0.801712
rl 60654.0597 12.578137 1.609488
rl 60662.1451 9.014515 1.288420
rl 60665.0637 7.620720 0.577114
rl 60668.0647 7.533568 0.847736
il 59842.2140 0.675467 1.608556
il 59867.1753 1.048193 1.660967
il 59870.1673 1.012425 1.230801
il 59873.1595 0.612568 0.989821
il 59887.1103 1.055410 1.784661
il 59896.0992 0.151306 1.567343
il 59913.2599 2.606720 1.344076
il 59916.0697 2.174390 2.083924
il 59924.0742 0.143024 1.106350
il 59927.0756 1.575583 1.389300
il 59930.0771 0.675441 1.094799
il 60192.3082 0.710640 2.159789
il 60209.2433 1.033852 1.653962
il 60241.1495 1.757554 1.749933
il 60284.0709 0.882735 1.148097
il 60300.0793 0.120469 1.661053
il 60567.2384 152.741959 1.779040
il 60578.2898 194.854156 2.063744
il 60581.1931 202.872711 2.162264
il 60593.1834 199.955261 1.660350
il 60596.1972 195.274384 2.439489
il 60605.1532 170.465134 1.539400
il 60608.1460 161.485123 1.426386
il 60611.1380 152.271805 1.296790
il 60621.1416 121.915367 1.342831
il 60624.0974 111.388397 1.664705
il 60627.2954 103.645180 2.805872
il 60632.0552 88.507309 2.232353
il 60635.0621 83.921570 1.644572
il 60640.0656 67.731934 1.471969
il 60651.1527 46.097805 1.275352
il 60654.0749 41.851883 1.869284
il 60662.1603 32.828514 1.630656
il 60665.0789 28.345245 0.970215
il 60668.0893 26.189840 1.379188
