-17.0 1.42759892103 0.0
-16.5 1.4624449522 0.0
-16.0 1.51686954266 0.759486513589
-15.5 1.56746119644 0.675755702398
-15.0 1.59270853201 0.596912711595
-14.5 1.58056934712 0.523018138586
-14.0 1.53047973007 0.454093219369
-13.5 1.45037342576 0.39012127143
-13.0 1.35160872897 0.331049570429
-12.5 1.24466473636 0.276791624329
-12.0 1.13695415535 0.22722980244
-11.5 1.0325926744 0.1822182714
-11.0 0.933271705149 0.149395666626
-10.5 0.839410232566 0.119835568854
-10.0 0.751071931386 0.0927698695624
-9.5 0.668435897338 0.153838652735
-9.0 0.59183872106 0.126635908043
-8.5 0.521562544019 0.103994070133
-8.0 0.457599451107 0.0865401260172
-7.5 0.39956030582 0.0750341485622
-7.0 0.346765461485 0.0698508963952
-6.5 0.298444636781 0.0702812247752
-6.0 0.253939251769 0.0746107040279
-5.5 0.212832227836 0.0810014699421
-5.0 0.174981949067 0.0880935995181
-4.5 0.140474706895 0.0950450831844
-4.0 0.109527347033 0.0959470080246
-3.5 0.0823765377541 0.0969018651329
-3.0 0.0591878681436 0.0996387885685
-2.5 0.0400071950923 0.102377281909
-2.0 0.0247605513539 0.103393312157
-1.5 0.0132933154562 0.101136602096
-1.0 0.00542902672846 0.0989148114566
-0.5 0.00102439961175 0.0965892904235
0.0 0.0 0.0939837243355
0.5 0.00233668110965 0.085540120609
1.0 0.00804416501474 0.0816421423242
1.5 0.0171216566679 0.0726349956128
2.0 0.029531413983 0.068621652503
2.5 0.0451938256898 0.0643643600982
3.0 0.0639969794795 0.0632757119862
3.5 0.0858068701548 0.0647998667089
4.0 0.110469149757 0.0690502853809
4.5 0.137802988594 0.0757810599951
5.0 0.167594299101 0.084453228117
5.5 0.199596383079 0.0944343226152
6.0 0.233542277047 0.105181191037
6.5 0.269166866943 0.116353638823
7.0 0.306230562639 0.127869620266
7.5 0.344533138789 0.1399138395
8.0 0.383909073996 0.152899050098
8.5 0.424204058531 0.167378667797
9.0 0.465241845808 0.183923689263
9.5 0.506795236246 0.202996348804
10.0 0.548571580686 0.224859590654
10.5 0.590214620872 0.249545225172
11.0 0.63131825299 0.276875478561
11.5 0.671450306998 0.306513446727
12.0 0.710194162588 0.338016877196
12.5 0.747221479985 0.370880167137
13.0 0.782396385985 0.404561149279
13.5 0.815878310898 0.438496692838
14.0 0.848158658457 0.472113787693
14.5 0.879970866463 0.504842001947
15.0 0.912071768232 0.536130628574
15.5 0.944976019087 0.565470806658
16.0 0.978771371817 0.592420383627
16.5 1.01310604581 0.616627829949
17.0 1.04734087457 0.637851269047
17.5 1.08077105318 0.655969456024
18.0 1.11280588848 0.670982953878
18.5 1.14304887222 0.683005395368
19.0 1.17129283735 0.692246223418
19.5 1.19748446698 0.69898742752
20.0 1.22170441958 0.703557415259
20.5 1.24417324116 0.706305257051
21.0 1.26525858365 0.707578172784
21.5 1.28544697931 0.707704392617
22.0 1.30525937952 0.706982552059
22.5 1.32512426614 0.705677724234
23.0 1.34525423512 0.70402320905
23.5 1.36557995894 0.702226439035
24.0 1.38577256881 0.700476937632
24.5 1.40534651297 0.698954228444
25.0 1.42380524352 0.697833917967
25.5 1.44078661364 0.69729076487
26.0 1.4561766614 0.697498266499
26.5 1.47017091455 0.69862498987
27.0 1.48326322009 0.700828426785
27.5 1.49614543521 0.233524861033
28.0 1.5095248284 0.228811634678
28.5 1.52390813605 0.239036891116
29.0 1.53943399039 0.235445138203
29.5 1.55582717134 0.231979847901
30.0 1.57249492519 0.228674052846
30.5 1.58871938643 0.225561865936
31.0 1.60386352984 0.22267798355
31.5 1.61751956131 0.220056949992
32.0 1.6295707454 0.217732213581
32.5 1.64017647001 0.215735027909
33.0 1.64970531775 0.214093274119
33.5 1.65863717823 0.212830297831
34.0 1.66745105473 0.211963863856
34.5 1.6765198019 0.211505329332
35.0 1.68603933388 0.211459119847
35.5 1.69601432609 0.211822564054
36.0 1.70630166188 0.212586104123
36.5 1.71668849528 0.213733858069
37.0 1.72697006063 0.215244472479
37.5 1.73699979129 0.217092176496
38.0 1.74670345809 0.219247933755
38.5 1.75606642843 0.221680589089
39.0 1.76511012614 0.22435791923
39.5 1.7738706932 0.227247517727
40.0 1.78238551686 0.230317469666
40.5 1.79068716511 0.233536797576
41.0 1.79880152986 0.236875683312
41.5 1.80674696871 0.240305489887
42.0 1.81453243829 0.243798621288
42.5 1.8221540107 0.247328267269
43.0 1.82959063011 0.250868084095
43.5 1.83680187626 0.254391861861
44.0 1.84373289196 0.257873225042
44.5 1.85033304276 0.261285406018
45.0 1.85659178862 0.264601122376
45.5 1.86258402857 0.267792578598
46.0 1.8684995857 0.270831602185
46.5 1.87461987126 0.273689914079
47.0 1.88121781568 0.27633952409
47.5 1.88840187987 0.278753234422
48.0 1.89597830442 0.280905228595
48.5 1.90342221916 0.234255201464
49.0 1.90999973108 0.238486562669
49.5 1.91499500181 0.242504984902
50.0 1.91793378034 0.246275734046
50.5 1.91870449086 0.249769470356
51.0 1.91754553468 0.252962947936
51.5 1.91493672719 0.255839558848
52.0 1.91146036422 0.258389709299
52.5 1.90768313023 0.260611019168
53.0 1.90408101869 0.262508339181
53.5 1.90100799306 0.264093582566
54.0 1.89869957239 0.265385370264
54.5 1.8972991757 0.266408490981
55.0 1.89689362491 0.267193179808
55.5 1.89754479458 0.267774222308
56.0 1.89930818774 0.26818989497
56.5 1.90223550212 0.268480758288
57.0 1.90636452996 0.268688325327
57.5 1.91170349149 0.268853636568
58.0 1.91821706425 0.269015780504
58.5 1.92581863201 0.269210408184
59.0 1.93436955739 0.269468297441
59.5 1.94368375886 0.269814027555
60.0 1.95353596056 0.270264826267
60.5 1.96367447705 0.270829647216
61.0 1.97384213735 0.271508526822
61.5 1.9838085707 0.272292255608
62.0 1.99341116675 0.273162381432
62.5 2.00259214487 0.274091542999
63.0 2.01141219681 0.275044113576
63.5 2.02002591765 0.27597711927
64.0 2.02862350442 0.303016577245
64.5 2.0373674962 0.303957648163
65.0 2.04636468962 0.304652998962
65.5 2.05569936006 0.305041006751
66.0 2.06551985591 0.305059648768
66.5 2.07613698833 0.304647867203
67.0 2.08807923357 0.303746920424
67.5 2.10206189547 0.302301694172
68.0 2.11885597339 0.300261949196
68.5 2.13907530965 0.29758348503
69.0 2.16293163455 0.294229203195
69.5 2.19003438106 0.290170057117
70.0 2.21932608371 0.285385880718
70.5 2.24922284369 0.27986609306
71.0 2.27795641342 0.109404845113
71.5 2.3040112861 0.110318600672
72.0 2.32648159218 0.111148278029
72.5 2.34519982673 0.111905230481
73.0 2.36060694954 0.112599329072
73.5 2.37346209355 0.113238821619
74.0 2.3845440668 0.113830480276
74.5 2.39445571779 0.114380082294
75.0 2.40355638316 0.114893255072
75.5 2.41198225297 0.115376700199
76.0 2.41969854817 0.115839792452
76.5 2.42654884949 0.116296527978
77.0 2.43229855464 0.116767768978
77.5 2.43669027062 0.117283696375
78.0 2.43952852422 0.117886332196
78.5 2.44078844023 0.118631925669
79.0 2.44070962294 0.119592911424
79.5 2.43981760785 0.120859055545
80.0 2.43883524127 0.141292726457
80.5 2.43850335079 0.143210443685
81.0 2.43938717895 0.145306622814
81.5 2.44175703343 0.147577091362
82.0 2.44558681283 0.150014661848
82.5 2.45064702071 0.152609228055
83.0 2.45662814207 0.155347902593
83.5 2.46323616245 0.15821519292
84.0 2.47023676629 0.161193212376
84.5 2.47745717353 0.164261922218
85.0 2.48476748531 0.167399400219
85.5 2.49205951754 0.170582131071
86.0 2.49923159663 0.173785313626
86.5 2.50618072299 0.176983179901
87.0 2.51280068213 0.180149320794
87.5 2.51898444039 0.183257013541
88.0 2.52462951782 0.186279546127
88.5 2.52964490363 0.18919053412
89.0 2.53395723791 0.191964225689
89.5 2.53751290246 0.194575790948
90.0 2.54027271631 0.19700159215
90.5 2.54219929509 0.199219431708
91.0 2.543245112 0.201208775474
91.5 2.54335880623 0.20295094921
92.0 2.54252870675 0.204429306653
92.5 2.54086505061 0.205629368112
93.0 2.53868767488 0.206538929031
93.5 2.53655776725 0.207148138444
94.0 2.53520313163 0.253457140604
94.5 2.53534409298 0.253585154595
95.0 2.53749460987 0.253307980385
95.5 2.54183434834 0.252624993875
96.0 2.5482009206 0.251538748008
96.5 2.55617430195 0.250054907306
97.0 2.5651791084 0.248182153246
97.5 2.57454546186 0.245932062647
98.0 2.58352457039 0.243318961428
98.5 2.59130376273 0.240359756287
99.0 2.59707243055 0.237073746989
99.5 2.60015251286 0.23348242202

