Kl 54021.49609375 13.76200008392334 0.019999999552965164
Kl 54028.46484375 14.246999740600586 0.02800000086426735
Kl 54029.5234375 14.342000007629395 0.02500000037252903
Kl 54031.47265625 14.503000259399414 0.024000000208616257
Kl 54035.4609375 14.855999946594238 0.039000000804662704
Kl 54040.4296875 15.12600040435791 0.0430000014603138
Kl 54041.4375 14.993000030517578 0.03500000014901161
Kl 54042.41796875 15.128000259399414 0.03700000047683716
Kl 54043.44140625 15.1899995803833 0.0430000014603138
Kl 54044.421875 15.253000259399414 0.04699999839067459
Kl 54045.41796875 15.102999687194824 0.035999998450279236
Kl 54046.41015625 15.479999542236328 0.052000001072883606
Kl 54047.41015625 15.220000267028809 0.039000000804662704
Kl 54048.4140625 15.265000343322754 0.05000000074505806
Kl 54049.4140625 15.357999801635742 0.05299999937415123
Kl 54050.4296875 15.317999839782715 0.09799999743700027
Kl 54051.45703125 15.246000289916992 0.03700000047683716
Kl 54053.4375 15.312999725341797 0.039000000804662704
Kl 54054.453125 15.114999771118164 0.04100000113248825
Kl 54055.44921875 15.114999771118164 0.03400000184774399
Kl 54056.41015625 14.972999572753906 0.04600000008940697
Kl 54057.40234375 15.012999534606934 0.0560000017285347
Kl 54058.37890625 15.119999885559082 0.04699999839067459
Kl 54059.37109375 15.001999855041504 0.03200000151991844
Kl 54060.37890625 14.982999801635742 0.04600000008940697
Kl 54061.37890625 14.920000076293945 0.029999999329447746
Kl 54063.46875 14.906999588012695 0.029999999329447746
Kl 54064.359375 14.819999694824219 0.027000000700354576
Kl 54065.35546875 14.753999710083008 0.03999999910593033
Kl 54069.34375 14.604000091552734 0.026000000536441803
Kl 54070.34375 14.553999900817871 0.02500000037252903
Kl 54071.3359375 14.491000175476074 0.02500000037252903
Kl 54072.33203125 14.475000381469727 0.024000000208616257
Kl 54074.32421875 14.392999649047852 0.026000000536441803
Kl 54075.328125 14.277999877929688 0.023000000044703484
Kl 54076.3203125 14.248000144958496 0.02199999988079071
Kl 54077.42578125 14.189000129699707 0.028999999165534973
Kl 54078.3515625 14.126999855041504 0.019999999552965164
Kl 54080.30859375 14.211999893188477 0.04600000008940697
Kl 54081.31640625 14.064000129699707 0.024000000208616257
Kl 54082.3125 13.98799991607666 0.03099999949336052
Kl 54083.30078125 14.026000022888184 0.02199999988079071
Kl 54085.31640625 13.991999626159668 0.023000000044703484
Kl 54086.30078125 13.958999633789062 0.019999999552965164
Kl 54089.43359375 14.038000106811523 0.04500000178813934
Kl 54090.28515625 13.958999633789062 0.01899999938905239
Kl 54091.3203125 13.977999687194824 0.01899999938905239
Kl 54092.3515625 14.043000221252441 0.03099999949336052
Kl 54094.28515625 14.010000228881836 0.019999999552965164
Kl 54095.27734375 14.038000106811523 0.017999999225139618
Kl 54096.28125 14.12600040435791 0.03500000014901161
Kl 54099.328125 14.137999534606934 0.01899999938905239
Kl 54100.2578125 14.121999740600586 0.026000000536441803
Kl 54101.26171875 14.147000312805176 0.0430000014603138
Kl 54102.2734375 14.147000312805176 0.02199999988079071
Kl 54103.2734375 14.295000076293945 0.04100000113248825
Kl 54104.24609375 14.227999687194824 0.028999999165534973
Kl 54105.25 14.239999771118164 0.023000000044703484
Kl 54108.265625 14.288999557495117 0.03500000014901161
Kl 54109.234375 14.227999687194824 0.035999998450279236
Kl 54110.234375 14.312999725341797 0.023000000044703484
Kl 54115.22265625 14.420000076293945 0.032999999821186066
Kl 54116.22265625 14.401000022888184 0.027000000700354576
Kl 54117.234375 14.402999877929688 0.03400000184774399
Kl 54124.1953125 14.574000358581543 0.027000000700354576
Kl 54128.2265625 14.670999526977539 0.02800000086426735
Kl 54139.20703125 14.892000198364258 0.06300000101327896
Kl 54140.2265625 14.946999549865723 0.035999998450279236
Kl 54141.34765625 14.89900016784668 0.029999999329447746
Kl 54147.24609375 14.937999725341797 0.03500000014901161
Kl 54148.18359375 15.015000343322754 0.05400000140070915
Kl 54149.1640625 14.946000099182129 0.17499999701976776
Kl 54152.15625 14.97599983215332 0.0430000014603138
Kl 54153.19921875 15.156999588012695 0.03799999877810478
Kl 54154.1875 15.355999946594238 0.04500000178813934
Kl 54156.1796875 15.28600025177002 0.04100000113248825
Kl 54157.17578125 15.279000282287598 0.04100000113248825
Kl 54158.15625 15.345999717712402 0.04899999871850014
Kl 54160.203125 15.35099983215332 0.057999998331069946
Kl 54161.19140625 15.286999702453613 0.04899999871850014
Kl 54162.19140625 15.361000061035156 0.041999999433755875
Kl 54163.1875 15.321999549865723 0.04500000178813934
Kl 54165.16015625 15.532999992370605 0.052000001072883606
Kl 54168.265625 15.36400032043457 0.041999999433755875
Kl 54169.1171875 15.449000358581543 0.0430000014603138
Kl 54170.2890625 15.63599967956543 0.05299999937415123
Kl 54171.234375 15.52299976348877 0.050999999046325684
Kl 54172.1328125 15.562999725341797 0.06599999964237213
Kl 54173.12109375 15.428999900817871 0.04800000041723251
Kl 54174.12890625 15.618000030517578 0.0560000017285347
Kl 54175.12109375 15.534000396728516 0.09099999815225601
Jl 54021.49609375 14.163000106811523 0.01600000075995922
Jl 54028.46484375 14.60200023651123 0.01899999938905239
Jl 54029.5234375 14.704000473022461 0.01600000075995922
Jl 54031.47265625 14.850000381469727 0.013000000268220901
Jl 54035.4609375 15.234999656677246 0.017999999225139618
Jl 54040.4296875 15.652000427246094 0.024000000208616257
Jl 54041.4375 15.656000137329102 0.03099999949336052
Jl 54042.41796875 15.722000122070312 0.02199999988079071
Jl 54043.44140625 15.782999992370605 0.019999999552965164
Jl 54044.421875 15.788999557495117 0.024000000208616257
Jl 54045.41796875 15.880999565124512 0.02500000037252903
Jl 54046.41015625 15.980999946594238 0.026000000536441803
Jl 54047.41015625 15.998000144958496 0.032999999821186066
Jl 54048.4140625 15.982999801635742 0.02800000086426735
Jl 54049.4140625 15.963000297546387 0.019999999552965164
Jl 54050.4296875 16.055999755859375 0.027000000700354576
Jl 54051.45703125 16.034000396728516 0.019999999552965164
Jl 54053.4375 16.111000061035156 0.03099999949336052
Jl 54054.453125 16.118000030517578 0.02199999988079071
Jl 54055.44921875 16.11199951171875 0.027000000700354576
Jl 54056.41015625 16.0939998626709 0.029999999329447746
Jl 54057.40234375 16.138999938964844 0.03200000151991844
Jl 54058.37890625 16.117000579833984 0.026000000536441803
Jl 54059.37109375 16.167999267578125 0.026000000536441803
Jl 54060.37890625 16.136999130249023 0.019999999552965164
Jl 54061.37890625 16.14299964904785 0.026000000536441803
Jl 54063.46875 16.128000259399414 0.03099999949336052
Jl 54064.359375 16.180999755859375 0.023000000044703484
Jl 54065.35546875 16.266000747680664 0.17499999701976776
Jl 54069.34375 16.215999603271484 0.03400000184774399
Jl 54070.34375 16.163000106811523 0.026000000536441803
Jl 54071.3359375 16.110000610351562 0.02199999988079071
Jl 54072.33203125 16.079999923706055 0.023000000044703484
Jl 54074.32421875 16.045000076293945 0.01899999938905239
Jl 54075.328125 16.013999938964844 0.02199999988079071
Jl 54076.3203125 16.097000122070312 0.039000000804662704
Jl 54077.42578125 16.006000518798828 0.023000000044703484
Jl 54078.3515625 15.963000297546387 0.02199999988079071
Jl 54081.31640625 15.944000244140625 0.02500000037252903
Jl 54082.3125 15.9350004196167 0.019999999552965164
Jl 54083.30078125 15.97700023651123 0.017999999225139618
Jl 54085.31640625 15.980999946594238 0.024000000208616257
Jl 54086.30078125 16.069000244140625 0.02800000086426735
Jl 54089.43359375 16.07900047302246 0.03099999949336052
Jl 54090.28515625 16.099000930786133 0.020999999716877937
Jl 54091.3203125 16.13800048828125 0.020999999716877937
Jl 54092.3515625 16.209999084472656 0.02500000037252903
Jl 54094.28515625 16.256000518798828 0.032999999821186066
Jl 54095.27734375 16.320999145507812 0.032999999821186066
Jl 54096.28125 16.30699920654297 0.028999999165534973
Jl 54099.328125 16.45800018310547 0.032999999821186066
Jl 54100.2578125 16.45199966430664 0.032999999821186066
Jl 54101.26171875 16.493999481201172 0.03999999910593033
Jl 54102.2734375 16.6200008392334 0.03400000184774399
Jl 54104.24609375 16.70400047302246 0.03400000184774399
Jl 54105.25 16.743999481201172 0.032999999821186066
Jl 54108.265625 16.905000686645508 0.039000000804662704
Jl 54109.234375 16.7450008392334 0.04600000008940697
Jl 54110.234375 16.788000106811523 0.032999999821186066
Jl 54115.22265625 17.2189998626709 0.052000001072883606
Jl 54116.22265625 17.094999313354492 0.05299999937415123
Jl 54117.234375 17.224000930786133 0.054999999701976776
Jl 54124.1953125 17.589000701904297 0.09300000220537186
Jl 54128.2265625 17.634000778198242 0.06400000303983688
Jl 54139.20703125 17.975000381469727 0.06499999761581421
Jl 54140.2265625 18.378999710083008 0.10400000214576721
Jl 54141.34765625 18.25 0.09200000017881393
Jl 54147.24609375 18.39699935913086 0.13099999725818634
Jl 54148.18359375 18.19700050354004 0.11999999731779099
Jl 54149.1640625 18.44499969482422 0.12999999523162842
Jl 54152.15625 18.16699981689453 0.10999999940395355
Jl 54153.19921875 18.5049991607666 0.20600000023841858
Jl 54154.1875 18.423999786376953 0.17900000512599945
Jl 54156.1796875 18.594999313354492 0.21299999952316284
Jl 54157.17578125 18.704999923706055 0.2150000035762787
Jl 54158.15625 18.54800033569336 0.15600000321865082
Jl 54160.203125 18.72599983215332 0.08500000089406967
Jl 54161.19140625 18.45199966430664 0.12800000607967377
Jl 54162.19140625 18.724000930786133 0.20499999821186066
Jl 54163.1875 18.639999389648438 0.23199999332427979
Jl 54165.16015625 18.85300064086914 0.16200000047683716
Jl 54168.265625 18.764999389648438 0.15299999713897705
Jl 54170.2890625 18.552000045776367 0.07699999958276749
Jl 54171.234375 18.965999603271484 0.24799999594688416
Jl 54173.12109375 18.917999267578125 0.17499999701976776
Jl 54174.12890625 18.926000595092773 0.17499999701976776
Jl 54175.12109375 18.92799949645996 0.2919999957084656
Hl 54021.49609375 13.982999801635742 0.03099999949336052
Hl 54028.46484375 14.454000473022461 0.0430000014603138
Hl 54029.5234375 14.552000045776367 0.023000000044703484
Hl 54031.47265625 14.77299976348877 0.04100000113248825
Hl 54035.4609375 15.09000015258789 0.020999999716877937
Hl 54040.4296875 15.649999618530273 0.039000000804662704
Hl 54041.4375 15.682000160217285 0.04500000178813934
Hl 54042.41796875 15.621000289916992 0.035999998450279236
Hl 54043.44140625 15.836999893188477 0.057999998331069946
Hl 54044.421875 15.692000389099121 0.04600000008940697
Hl 54045.41796875 15.71500015258789 0.054999999701976776
Hl 54046.41015625 15.961000442504883 0.04600000008940697
Hl 54047.41015625 15.901000022888184 0.05000000074505806
Hl 54048.4140625 15.847999572753906 0.06599999964237213
Hl 54049.4140625 15.92300033569336 0.06599999964237213
Hl 54050.4296875 15.935999870300293 0.0430000014603138
Hl 54051.45703125 15.902000427246094 0.03400000184774399
Hl 54053.4375 15.697999954223633 0.03099999949336052
Hl 54055.44921875 15.699999809265137 0.04600000008940697
Hl 54056.41015625 15.753000259399414 0.04699999839067459
Hl 54057.40234375 15.694000244140625 0.032999999821186066
Hl 54058.37890625 15.682999610900879 0.04699999839067459
Hl 54059.37109375 15.657999992370605 0.03200000151991844
Hl 54060.37890625 15.657999992370605 0.052000001072883606
Hl 54061.37890625 15.711000442504883 0.04500000178813934
Hl 54063.46875 15.569000244140625 0.057999998331069946
Hl 54064.359375 15.623000144958496 0.03999999910593033
Hl 54065.35546875 15.597000122070312 0.03400000184774399
Hl 54069.34375 15.380000114440918 0.03400000184774399
Hl 54070.34375 15.293000221252441 0.024000000208616257
Hl 54071.3359375 15.352999687194824 0.04100000113248825
Hl 54072.33203125 15.20199966430664 0.01899999938905239
Hl 54074.32421875 15.133999824523926 0.032999999821186066
Hl 54075.328125 15.142000198364258 0.03999999910593033
Hl 54076.3203125 15.104999542236328 0.020999999716877937
Hl 54077.42578125 15.067000389099121 0.023000000044703484
Hl 54078.3515625 14.987000465393066 0.023000000044703484
Hl 54080.30859375 14.826000213623047 0.039000000804662704
Hl 54081.31640625 14.888999938964844 0.01899999938905239
Hl 54082.3125 14.821000099182129 0.03099999949336052
Hl 54083.30078125 14.87600040435791 0.020999999716877937
Hl 54085.31640625 14.822999954223633 0.026000000536441803
Hl 54086.30078125 14.826000213623047 0.02199999988079071
Hl 54089.43359375 14.871000289916992 0.01899999938905239
Hl 54090.28515625 14.840999603271484 0.01899999938905239
Hl 54091.3203125 14.83899974822998 0.026000000536441803
Hl 54092.3515625 14.916999816894531 0.023000000044703484
Hl 54094.28515625 14.90999984741211 0.014000000432133675
Hl 54096.28125 14.972000122070312 0.023000000044703484
Hl 54099.328125 15.039999961853027 0.02199999988079071
Hl 54100.2578125 15.10200023651123 0.020999999716877937
Hl 54101.26171875 15.13599967956543 0.02500000037252903
Hl 54102.2734375 15.1899995803833 0.03500000014901161
Hl 54104.24609375 15.23799991607666 0.01899999938905239
Hl 54105.25 15.272000312805176 0.02199999988079071
Hl 54108.265625 15.39900016784668 0.039000000804662704
Hl 54110.234375 15.387999534606934 0.03400000184774399
Hl 54115.22265625 15.526000022888184 0.028999999165534973
Hl 54116.22265625 15.491000175476074 0.020999999716877937
Hl 54117.234375 15.593999862670898 0.02500000037252903
Hl 54124.1953125 15.753000259399414 0.04800000041723251
Hl 54128.2265625 15.887999534606934 0.03799999877810478
Hl 54139.20703125 16.30299949645996 0.0729999989271164
Hl 54140.2265625 16.14900016784668 0.0560000017285347
Hl 54141.34765625 16.315000534057617 0.05999999865889549
Hl 54147.24609375 16.259000778198242 0.03799999877810478
Hl 54148.18359375 16.400999069213867 0.0729999989271164
Hl 54149.1640625 16.645999908447266 0.0560000017285347
Hl 54152.15625 16.52899932861328 0.07100000232458115
Hl 54153.19921875 16.638999938964844 0.0729999989271164
Hl 54156.1796875 16.69700050354004 0.08399999886751175
Hl 54157.17578125 16.613000869750977 0.06599999964237213
Hl 54158.15625 16.822999954223633 0.08699999749660492
Hl 54160.203125 16.826000213623047 0.07100000232458115
Hl 54161.19140625 16.940000534057617 0.07999999821186066
Hl 54162.19140625 16.77199935913086 0.09300000220537186
Hl 54163.1875 16.792999267578125 0.0949999988079071
Hl 54165.16015625 17.01099967956543 0.11699999868869781
Hl 54168.265625 17.08799934387207 0.11699999868869781
Hl 54169.1171875 16.989999771118164 0.12399999797344208
Hl 54170.2890625 17.070999145507812 0.09700000286102295
Hl 54171.234375 17.260000228881836 0.0989999994635582
Hl 54172.1328125 17.160999298095703 0.13300000131130219
Hl 54173.12109375 17.14299964904785 0.1340000033378601
Hl 54174.12890625 16.993999481201172 0.12300000339746475
Hl 54175.12109375 17.0939998626709 0.12800000607967377
