ul 59851.2006 -3.988686 2.515268
ul 59874.1612 -1.785550 1.722151
ul 59875.1175 0.941641 2.113761
ul 59876.1160 2.743811 2.174677
ul 59877.1178 -1.439625 1.730639
ul 59878.1127 -0.405827 1.783123
ul 59879.1104 0.344063 1.864736
ul 59880.1181 -0.648869 1.285332
ul 59904.0584 1.810978 2.324940
ul 59905.0468 -0.750908 2.762981
ul 59906.0474 4.323023 2.212839
ul 59907.0480 4.089021 2.064590
ul 59908.0487 6.255477 3.108896
ul 59909.0494 12.612078 1.717122
ul 59910.0590 9.999269 1.740981
ul 59935.0739 1.365861 0.997023
ul 59936.0735 -1.525527 1.299231
ul 59937.0743 1.536017 1.349356
ul 59938.0754 1.599929 1.671853
ul 59939.0808 0.431926 1.870354
ul 60198.2332 4.077992 2.900300
ul 60199.2358 -0.298157 2.108744
ul 60200.2314 -1.694440 2.243367
ul 60201.2281 -0.648127 2.622441
ul 60202.2255 -1.437847 2.343178
ul 60236.1862 2.499182 1.951450
ul 60260.0773 1.271683 2.749332
ul 60261.0632 -0.706687 2.429170
ul 60262.0637 -0.363768 2.262509
ul 60263.0643 -0.649115 2.253543
ul 60264.0716 -1.790885 2.132857
ul 60265.0867 0.899916 2.550445
ul 60290.0641 -0.116745 1.606433
ul 60291.0599 -1.680745 1.557575
ul 60292.0607 0.122700 1.469407
ul 60293.0607 0.092842 1.525900
ul 60294.0616 0.056041 1.372287
ul 60295.0621 -0.145238 1.770983
ul 60554.2916 2.354577 2.056786
ul 60555.2620 0.002662 1.902940
ul 60556.2548 1.095703 2.432573
ul 60557.2501 -0.591737 1.770325
ul 60558.2534 1.101272 2.352968
ul 60559.2490 0.033437 2.046849
ul 60560.2424 3.994940 3.037771
ul 60582.2087 -1.176865 2.019748
ul 60583.1842 -0.486118 2.772358
ul 60584.1807 1.222702 2.191899
ul 60585.1757 0.327846 1.823200
ul 60586.1765 2.827825 1.717871
ul 60587.1702 0.889567 2.086190
ul 60588.1666 -0.825612 1.694480
ul 60612.1183 0.569889 1.249723
ul 60613.1019 -0.388280 1.434071
ul 60614.0960 2.668620 1.706953
ul 60615.0917 -0.288121 1.936008
ul 60616.0927 -2.035576 1.972751
ul 60617.0896 -0.533452 1.523462
ul 60620.1350 1.710823 1.660539
ul 60643.0609 -2.066365 1.564468
ul 60644.0533 -2.359928 1.707038
ul 60645.0537 -0.665291 1.784877
ul 60646.0548 0.912408 1.755323
ul 60647.0546 -0.916942 1.930479
ul 60648.0553 1.690295 1.407534
ul 60649.0561 -0.103018 1.244661
ul 60671.0655 -1.166656 1.268478
ul 60672.0693 1.585038 0.926548
ul 60673.0745 2.458951 1.940172
ul 60674.0798 0.196016 1.878615
gl 59825.2676 -0.041187 1.030594
gl 59839.2236 0.092122 1.268880
gl 59842.2064 -1.129352 0.997935
gl 59854.2165 -0.863619 0.794495
gl 59857.1956 4.389408 2.882672
gl 59867.1676 0.287344 1.297966
gl 59870.1597 -0.144679 0.785494
gl 59873.1519 -0.009709 0.576968
gl 59884.1368 -0.019964 1.027921
gl 59887.1027 1.007140 2.307604
gl 59896.0915 -1.185019 0.948418
gl 59899.0930 -0.943747 1.137095
gl 59902.0522 0.086133 1.300980
gl 59913.2522 37.690983 0.887439
gl 59916.0621 45.425243 2.444539
gl 59924.0665 33.005325 0.742592
gl 59927.0680 23.709034 0.839364
gl 59930.0695 15.444445 0.651723
gl 59933.0709 10.144874 0.504150
gl 59942.0889 2.056951 0.741259
gl 59945.0846 3.854910 2.050346
gl 60192.3006 3.571342 2.664128
gl 60195.2419 0.034503 0.962090
gl 60209.2357 -1.435685 1.019765
gl 60212.2223 5.151686 2.681356
gl 60223.2024 -0.690315 1.178100
gl 60226.2797 0.611184 0.579858
gl 60238.2803 1.177062 0.724730
gl 60241.1418 -7.672925 2.082904
gl 60267.0519 0.568708 1.462567
gl 60270.1158 2.019614 3.589092
gl 60278.0601 0.674310 0.886833
gl 60281.0629 1.352223 0.920188
gl 60284.0633 -0.125619 0.614206
gl 60287.0653 -0.811269 0.822699
gl 60297.1245 0.620136 0.970496
gl 60300.0717 -0.632056 2.094869
gl 60567.2308 -5.344647 2.093874
gl 60578.2822 -1.198355 1.232954
gl 60581.1855 1.660276 1.179489
gl 60593.1758 -0.945350 0.976753
gl 60596.1896 0.308081 2.884491
gl 60605.1456 0.220425 0.731679
gl 60608.1384 0.339502 0.655535
gl 60611.1303 -0.038126 0.565824
gl 60621.1339 0.470468 0.731881
gl 60624.0897 1.707398 1.658945
gl 60627.2877 2.213682 3.264580
gl 60632.0476 3.973976 1.380061
gl 60635.0545 1.257272 0.968600
gl 60640.0580 -0.027601 0.856871
gl 60651.1451 0.612382 0.806733
gl 60654.0673 -4.035690 2.219170
gl 60662.1527 2.753603 2.006637
gl 60665.0713 -0.322220 0.545012
gl 60668.0723 -1.334609 0.824280
rl 59825.2600 1.885829 0.945835
rl 59839.2161 1.149625 1.149089
rl 59842.1987 0.540558 1.051606
rl 59854.2089 -0.283364 0.850968
rl 59857.1879 5.000242 2.087561
rl 59867.1600 -1.741297 1.053148
rl 59870.1521 0.774863 0.813436
rl 59873.1442 1.310521 0.668147
rl 59884.1292 -0.057430 0.934909
rl 59887.0951 0.524496 1.650528
rl 59896.0839 0.668757 0.934548
rl 59899.0854 -0.657076 1.200457
rl 59902.0445 0.655537 1.388662
rl 59913.2446 69.688118 0.861429
rl 59916.0544 91.393219 1.855510
rl 59924.0589 87.038773 0.877359
rl 59927.0604 70.005455 0.903350
rl 59930.0619 53.888073 0.761610
rl 59933.0632 38.811684 0.597265
rl 59942.0746 11.422708 0.733190
rl 59945.0770 12.027654 1.459105
rl 60192.2930 -1.136611 1.965936
rl 60195.2343 -1.490380 1.044075
rl 60209.2281 -3.026476 1.112199
rl 60212.2147 -0.249742 1.778033
rl 60223.1948 -1.332640 1.204955
rl 60226.2721 -0.583135 0.654420
rl 60238.2696 -0.430975 0.670265
rl 60241.1342 -0.763901 1.616971
rl 60267.0443 1.342876 1.300934
rl 60270.1082 2.223852 2.352292
rl 60278.0525 1.145373 0.906143
rl 60281.0552 -0.336881 0.978945
rl 60284.0557 0.788338 0.699573
rl 60287.0577 0.829850 0.838023
rl 60297.1169 1.138485 0.861478
rl 60300.0641 -1.363062 1.592898
rl 60567.2231 -0.115463 1.493698
rl 60578.2746 -1.292753 1.191581
rl 60581.1779 -2.170178 1.250318
rl 60593.1682 0.427907 0.929397
rl 60596.1820 -4.103788 2.037390
rl 60605.1380 -0.751285 0.803178
rl 60608.1308 -1.211723 0.719919
rl 60611.1227 0.293761 0.625011
rl 60621.1263 -0.100748 0.755304
rl 60624.0821 -0.400176 1.281967
rl 60627.2801 -0.726181 2.544365
rl 60632.0400 -0.993778 1.465065
rl 60635.0469 1.082942 1.040904
rl 60640.0504 -0.836486 0.915026
rl 60651.1265 -1.017773 0.800070
rl 60654.0597 3.609746 1.635321
rl 60662.1451 1.205614 1.308420
rl 60665.0637 -0.217836 0.578840
rl 60668.0647 -1.000780 0.857445
il 59825.2752 2.651183 1.892394
il 59839.2313 -1.065317 1.742908
il 59842.2140 -0.303125 1.630864
il 59854.2242 -0.127660 1.354645
il 59857.2032 0.070452 2.257784
il 59867.1753 -0.671558 1.683863
il 59870.1673 0.330911 1.247687
il 59873.1595 0.648845 1.003770
il 59884.1444 -0.061994 1.147085
il 59887.1103 -1.383936 1.809344
il 59896.0992 -0.261254 1.589324
il 59899.1007 -5.476221 2.103159
il 59902.0598 -0.154725 2.013459
il 59913.2599 93.387726 1.481216
il 59916.0697 121.973335 2.231153
il 59924.0742 139.113220 1.380699
il 59927.0756 122.845551 1.584007
il 59930.0771 104.759361 1.279679
il 59933.0785 83.613808 1.004768
il 59942.0965 35.819691 1.025303
il 59945.0922 28.128756 1.825531
il 60192.3082 4.442357 2.191514
il 60195.2496 -0.037806 1.601166
il 60209.2433 1.389104 1.677396
il 60212.2300 3.351099 2.047021
il 60223.2100 1.554438 1.939177
il 60226.2931 0.312454 1.042815
il 60238.2879 2.781543 1.190578
il 60241.1495 -1.562073 1.773808
il 60267.0595 -1.141513 1.883373
il 60270.1234 -2.399002 2.967694
il 60278.0677 -4.548945 1.473949
il 60281.0705 -1.248807 1.409342
il 60284.0709 1.383381 1.164579
il 60287.0729 -0.239721 1.401860
il 60297.1321 1.196867 1.159269
il 60300.0793 -0.732823 1.684377
il 60567.2384 1.140790 1.583306
il 60578.2898 -2.428368 1.801160
il 60581.1931 -3.253200 1.891597
il 60593.1834 -1.317002 1.281121
il 60596.1972 -0.209740 2.232148
il 60605.1532 2.182710 1.237712
il 60608.1460 0.055709 1.124260
il 60611.1380 0.594425 0.990094
il 60621.1416 1.268743 1.157456
il 60624.0974 0.621952 1.551249
il 60627.2954 -1.022424 2.775480
il 60632.0552 1.803560 2.194450
il 60635.0621 -3.413523 1.579736
il 60640.0656 -1.291328 1.421859
il 60651.1527 -3.582314 1.247334
il 60654.0749 -0.044092 1.869012
il 60662.1603 -0.971354 1.631724
il 60665.0789 0.714700 0.953029
il 60668.0893 0.455567 1.379064
ul 59851.2006 -3.988686 2.515268
ul 59874.1612 -1.785550 1.722151
ul 59875.1175 0.941641 2.113761
ul 59876.1160 2.743811 2.174677
ul 59877.1178 -1.439625 1.730639
ul 59878.1127 -0.405827 1.783123
ul 59879.1104 0.344063 1.864736
ul 59880.1181 -0.648869 1.285332
ul 59904.0584 1.810978 2.324940
ul 59905.0468 -0.750908 2.762981
ul 59906.0474 4.323023 2.212839
ul 59907.0480 4.089021 2.064590
ul 59908.0487 6.255477 3.108896
ul 59909.0494 12.612078 1.717122
ul 59910.0590 9.999269 1.740981
ul 59935.0739 1.365861 0.997023
ul 59936.0735 -1.525527 1.299231
ul 59937.0743 1.536017 1.349356
ul 59938.0754 1.599929 1.671853
ul 59939.0808 0.431926 1.870354
ul 60198.2332 4.077992 2.900300
ul 60199.2358 -0.298157 2.108744
ul 60200.2314 -1.694440 2.243367
ul 60201.2281 -0.648127 2.622441
ul 60202.2255 -1.437847 2.343178
ul 60236.1862 2.499182 1.951450
ul 60260.0773 1.271683 2.749332
ul 60261.0632 -0.706687 2.429170
ul 60262.0637 -0.363768 2.262509
ul 60263.0643 -0.649115 2.253543
ul 60264.0716 -1.790885 2.132857
ul 60265.0867 0.899916 2.550445
ul 60290.0641 -0.116745 1.606433
ul 60291.0599 -1.680745 1.557575
ul 60292.0607 0.122700 1.469407
ul 60293.0607 0.092842 1.525900
ul 60294.0616 0.056041 1.372287
ul 60295.0621 -0.145238 1.770983
ul 60554.2916 2.354577 2.056786
ul 60555.2620 0.002662 1.902940
ul 60556.2548 1.095703 2.432573
ul 60557.2501 -0.591737 1.770325
ul 60558.2534 1.101272 2.352968
ul 60559.2490 0.033437 2.046849
ul 60560.2424 3.994940 3.037771
ul 60582.2087 -1.176865 2.019748
ul 60583.1842 -0.486118 2.772358
ul 60584.1807 1.222702 2.191899
ul 60585.1757 0.327846 1.823200
ul 60586.1765 2.827825 1.717871
ul 60587.1702 0.889567 2.086190
ul 60588.1666 -0.825612 1.694480
ul 60612.1183 0.569889 1.249723
ul 60613.1019 -0.388280 1.434071
ul 60614.0960 2.668620 1.706953
ul 60615.0917 -0.288121 1.936008
ul 60616.0927 -2.035576 1.972751
ul 60617.0896 -0.533452 1.523462
ul 60620.1350 1.710823 1.660539
ul 60643.0609 -2.066365 1.564468
ul 60644.0533 -2.359928 1.707038
ul 60645.0537 -0.665291 1.784877
ul 60646.0548 0.912408 1.755323
ul 60647.0546 -0.916942 1.930479
ul 60648.0553 1.690295 1.407534
ul 60649.0561 -0.103018 1.244661
ul 60671.0655 -1.166656 1.268478
ul 60672.0693 1.585038 0.926548
ul 60673.0745 2.458951 1.940172
ul 60674.0798 0.196016 1.878615
gl 59825.2676 -0.041187 1.030594
gl 59839.2236 0.092122 1.268880
gl 59842.2064 -1.129352 0.997935
gl 59854.2165 -0.863619 0.794495
gl 59857.1956 4.389408 2.882672
gl 59867.1676 0.287344 1.297966
gl 59870.1597 -0.144679 0.785494
gl 59873.1519 -0.009709 0.576968
gl 59884.1368 -0.019964 1.027921
gl 59887.1027 1.007140 2.307604
gl 59896.0915 -1.185019 0.948418
gl 59899.0930 -0.943747 1.137095
gl 59902.0522 0.086133 1.300980
gl 59913.2522 37.690983 0.887439
gl 59916.0621 45.425243 2.444539
gl 59924.0665 33.005325 0.742592
gl 59927.0680 23.709034 0.839364
gl 59930.0695 15.444445 0.651723
gl 59933.0709 10.144874 0.504150
gl 59942.0889 2.056951 0.741259
gl 59945.0846 3.854910 2.050346
gl 60192.3006 3.571342 2.664128
gl 60195.2419 0.034503 0.962090
gl 60209.2357 -1.435685 1.019765
gl 60212.2223 5.151686 2.681356
gl 60223.2024 -0.690315 1.178100
gl 60226.2797 0.611184 0.579858
gl 60238.2803 1.177062 0.724730
gl 60241.1418 -7.672925 2.082904
gl 60267.0519 0.568708 1.462567
gl 60270.1158 2.019614 3.589092
gl 60278.0601 0.674310 0.886833
gl 60281.0629 1.352223 0.920188
gl 60284.0633 -0.125619 0.614206
gl 60287.0653 -0.811269 0.822699
gl 60297.1245 0.620136 0.970496
gl 60300.0717 -0.632056 2.094869
gl 60567.2308 -5.344647 2.093874
gl 60578.2822 -1.198355 1.232954
gl 60581.1855 1.660276 1.179489
gl 60593.1758 -0.945350 0.976753
gl 60596.1896 0.308081 2.884491
gl 60605.1456 0.220425 0.731679
gl 60608.1384 0.339502 0.655535
gl 60611.1303 -0.038126 0.565824
gl 60621.1339 0.470468 0.731881
gl 60624.0897 1.707398 1.658945
gl 60627.2877 2.213682 3.264580
gl 60632.0476 3.973976 1.380061
gl 60635.0545 1.257272 0.968600
gl 60640.0580 -0.027601 0.856871
gl 60651.1451 0.612382 0.806733
gl 60654.0673 -4.035690 2.219170
gl 60662.1527 2.753603 2.006637
gl 60665.0713 -0.322220 0.545012
gl 60668.0723 -1.334609 0.824280
rl 59825.2600 1.885829 0.945835
rl 59839.2161 1.149625 1.149089
rl 59842.1987 0.540558 1.051606
rl 59854.2089 -0.283364 0.850968
rl 59857.1879 5.000242 2.087561
rl 59867.1600 -1.741297 1.053148
rl 59870.1521 0.774863 0.813436
rl 59873.1442 1.310521 0.668147
rl 59884.1292 -0.057430 0.934909
rl 59887.0951 0.524496 1.650528
rl 59896.0839 0.668757 0.934548
rl 59899.0854 -0.657076 1.200457
rl 59902.0445 0.655537 1.388662
rl 59913.2446 69.688118 0.861429
rl 59916.0544 91.393219 1.855510
rl 59924.0589 87.038773 0.877359
rl 59927.0604 70.005455 0.903350
rl 59930.0619 53.888073 0.761610
rl 59933.0632 38.811684 0.597265
rl 59942.0746 11.422708 0.733190
rl 59945.0770 12.027654 1.459105
rl 60192.2930 -1.136611 1.965936
rl 60195.2343 -1.490380 1.044075
rl 60209.2281 -3.026476 1.112199
rl 60212.2147 -0.249742 1.778033
rl 60223.1948 -1.332640 1.204955
rl 60226.2721 -0.583135 0.654420
rl 60238.2696 -0.430975 0.670265
rl 60241.1342 -0.763901 1.616971
rl 60267.0443 1.342876 1.300934
rl 60270.1082 2.223852 2.352292
rl 60278.0525 1.145373 0.906143
rl 60281.0552 -0.336881 0.978945
rl 60284.0557 0.788338 0.699573
rl 60287.0577 0.829850 0.838023
rl 60297.1169 1.138485 0.861478
rl 60300.0641 -1.363062 1.592898
rl 60567.2231 -0.115463 1.493698
rl 60578.2746 -1.292753 1.191581
rl 60581.1779 -2.170178 1.250318
rl 60593.1682 0.427907 0.929397
rl 60596.1820 -4.103788 2.037390
rl 60605.1380 -0.751285 0.803178
rl 60608.1308 -1.211723 0.719919
rl 60611.1227 0.293761 0.625011
rl 60621.1263 -0.100748 0.755304
rl 60624.0821 -0.400176 1.281967
rl 60627.2801 -0.726181 2.544365
rl 60632.0400 -0.993778 1.465065
rl 60635.0469 1.082942 1.040904
rl 60640.0504 -0.836486 0.915026
rl 60651.1265 -1.017773 0.800070
rl 60654.0597 3.609746 1.635321
rl 60662.1451 1.205614 1.308420
rl 60665.0637 -0.217836 0.578840
rl 60668.0647 -1.000780 0.857445
il 59825.2752 2.651183 1.892394
il 59839.2313 -1.065317 1.742908
il 59842.2140 -0.303125 1.630864
il 59854.2242 -0.127660 1.354645
il 59857.2032 0.070452 2.257784
il 59867.1753 -0.671558 1.683863
il 59870.1673 0.330911 1.247687
il 59873.1595 0.648845 1.003770
il 59884.1444 -0.061994 1.147085
il 59887.1103 -1.383936 1.809344
il 59896.0992 -0.261254 1.589324
il 59899.1007 -5.476221 2.103159
il 59902.0598 -0.154725 2.013459
il 59913.2599 93.387726 1.481216
il 59916.0697 121.973335 2.231153
il 59924.0742 139.113220 1.380699
il 59927.0756 122.845551 1.584007
il 59930.0771 104.759361 1.279679
il 59933.0785 83.613808 1.004768
il 59942.0965 35.819691 1.025303
il 59945.0922 28.128756 1.825531
il 60192.3082 4.442357 2.191514
il 60195.2496 -0.037806 1.601166
il 60209.2433 1.389104 1.677396
il 60212.2300 3.351099 2.047021
il 60223.2100 1.554438 1.939177
il 60226.2931 0.312454 1.042815
il 60238.2879 2.781543 1.190578
il 60241.1495 -1.562073 1.773808
il 60267.0595 -1.141513 1.883373
il 60270.1234 -2.399002 2.967694
il 60278.0677 -4.548945 1.473949
il 60281.0705 -1.248807 1.409342
il 60284.0709 1.383381 1.164579
il 60287.0729 -0.239721 1.401860
il 60297.1321 1.196867 1.159269
il 60300.0793 -0.732823 1.684377
il 60567.2384 1.140790 1.583306
il 60578.2898 -2.428368 1.801160
il 60581.1931 -3.253200 1.891597
il 60593.1834 -1.317002 1.281121
il 60596.1972 -0.209740 2.232148
il 60605.1532 2.182710 1.237712
il 60608.1460 0.055709 1.124260
il 60611.1380 0.594425 0.990094
il 60621.1416 1.268743 1.157456
il 60624.0974 0.621952 1.551249
il 60627.2954 -1.022424 2.775480
il 60632.0552 1.803560 2.194450
il 60635.0621 -3.413523 1.579736
il 60640.0656 -1.291328 1.421859
il 60651.1527 -3.582314 1.247334
il 60654.0749 -0.044092 1.869012
il 60662.1603 -0.971354 1.631724
il 60665.0789 0.714700 0.953029
il 60668.0893 0.455567 1.379064
ul 59851.2006 -3.988686 2.515268
ul 59874.1612 -1.785550 1.722151
ul 59875.1175 0.941641 2.113761
ul 59876.1160 2.743811 2.174677
ul 59877.1178 -1.439625 1.730639
ul 59878.1127 -0.405827 1.783123
ul 59879.1104 0.344063 1.864736
ul 59880.1181 -0.648869 1.285332
ul 59904.0584 1.810978 2.324940
ul 59905.0468 -0.750908 2.762981
ul 59906.0474 4.323023 2.212839
ul 59907.0480 4.089021 2.064590
ul 59908.0487 6.255477 3.108896
ul 59909.0494 12.612078 1.717122
ul 59910.0590 9.999269 1.740981
ul 59935.0739 1.365861 0.997023
ul 59936.0735 -1.525527 1.299231
ul 59937.0743 1.536017 1.349356
ul 59938.0754 1.599929 1.671853
ul 59939.0808 0.431926 1.870354
ul 60198.2332 4.077992 2.900300
ul 60199.2358 -0.298157 2.108744
ul 60200.2314 -1.694440 2.243367
ul 60201.2281 -0.648127 2.622441
ul 60202.2255 -1.437847 2.343178
ul 60236.1862 2.499182 1.951450
ul 60260.0773 1.271683 2.749332
ul 60261.0632 -0.706687 2.429170
ul 60262.0637 -0.363768 2.262509
ul 60263.0643 -0.649115 2.253543
ul 60264.0716 -1.790885 2.132857
ul 60265.0867 0.899916 2.550445
ul 60290.0641 -0.116745 1.606433
ul 60291.0599 -1.680745 1.557575
ul 60292.0607 0.122700 1.469407
ul 60293.0607 0.092842 1.525900
ul 60294.0616 0.056041 1.372287
ul 60295.0621 -0.145238 1.770983
ul 60554.2916 2.354577 2.056786
ul 60555.2620 0.002662 1.902940
ul 60556.2548 1.095703 2.432573
ul 60557.2501 -0.591737 1.770325
ul 60558.2534 1.101272 2.352968
ul 60559.2490 0.033437 2.046849
ul 60560.2424 3.994940 3.037771
ul 60582.2087 -1.176865 2.019748
ul 60583.1842 -0.486118 2.772358
ul 60584.1807 1.222702 2.191899
ul 60585.1757 0.327846 1.823200
ul 60586.1765 2.827825 1.717871
ul 60587.1702 0.889567 2.086190
ul 60588.1666 -0.825612 1.694480
ul 60612.1183 0.569889 1.249723
ul 60613.1019 -0.388280 1.434071
ul 60614.0960 2.668620 1.706953
ul 60615.0917 -0.288121 1.936008
ul 60616.0927 -2.035576 1.972751
ul 60617.0896 -0.533452 1.523462
ul 60620.1350 1.710823 1.660539
ul 60643.0609 -2.066365 1.564468
ul 60644.0533 -2.359928 1.707038
ul 60645.0537 -0.665291 1.784877
ul 60646.0548 0.912408 1.755323
ul 60647.0546 -0.916942 1.930479
ul 60648.0553 1.690295 1.407534
ul 60649.0561 -0.103018 1.244661
ul 60671.0655 -1.166656 1.268478
ul 60672.0693 1.585038 0.926548
ul 60673.0745 2.458951 1.940172
ul 60674.0798 0.196016 1.878615
gl 59825.2676 -0.041187 1.030594
gl 59839.2236 0.092122 1.268880
gl 59842.2064 -1.129352 0.997935
gl 59854.2165 -0.863619 0.794495
gl 59857.1956 4.389408 2.882672
gl 59867.1676 0.287344 1.297966
gl 59870.1597 -0.144679 0.785494
gl 59873.1519 -0.009709 0.576968
gl 59884.1368 -0.019964 1.027921
gl 59887.1027 1.007140 2.307604
gl 59896.0915 -1.185019 0.948418
gl 59899.0930 -0.943747 1.137095
gl 59902.0522 0.086133 1.300980
gl 59913.2522 37.690983 0.887439
gl 59916.0621 45.425243 2.444539
gl 59924.0665 33.005325 0.742592
gl 59927.0680 23.709034 0.839364
gl 59930.0695 15.444445 0.651723
gl 59933.0709 10.144874 0.504150
gl 59942.0889 2.056951 0.741259
gl 59945.0846 3.854910 2.050346
gl 60192.3006 3.571342 2.664128
gl 60195.2419 0.034503 0.962090
gl 60209.2357 -1.435685 1.019765
gl 60212.2223 5.151686 2.681356
gl 60223.2024 -0.690315 1.178100
gl 60226.2797 0.611184 0.579858
gl 60238.2803 1.177062 0.724730
gl 60241.1418 -7.672925 2.082904
gl 60267.0519 0.568708 1.462567
gl 60270.1158 2.019614 3.589092
gl 60278.0601 0.674310 0.886833
gl 60281.0629 1.352223 0.920188
gl 60284.0633 -0.125619 0.614206
gl 60287.0653 -0.811269 0.822699
gl 60297.1245 0.620136 0.970496
gl 60300.0717 -0.632056 2.094869
gl 60567.2308 -5.344647 2.093874
gl 60578.2822 -1.198355 1.232954
gl 60581.1855 1.660276 1.179489
gl 60593.1758 -0.945350 0.976753
gl 60596.1896 0.308081 2.884491
gl 60605.1456 0.220425 0.731679
gl 60608.1384 0.339502 0.655535
gl 60611.1303 -0.038126 0.565824
gl 60621.1339 0.470468 0.731881
gl 60624.0897 1.707398 1.658945
gl 60627.2877 2.213682 3.264580
gl 60632.0476 3.973976 1.380061
gl 60635.0545 1.257272 0.968600
gl 60640.0580 -0.027601 0.856871
gl 60651.1451 0.612382 0.806733
gl 60654.0673 -4.035690 2.219170
gl 60662.1527 2.753603 2.006637
gl 60665.0713 -0.322220 0.545012
gl 60668.0723 -1.334609 0.824280
rl 59825.2600 1.885829 0.945835
rl 59839.2161 1.149625 1.149089
rl 59842.1987 0.540558 1.051606
rl 59854.2089 -0.283364 0.850968
rl 59857.1879 5.000242 2.087561
rl 59867.1600 -1.741297 1.053148
rl 59870.1521 0.774863 0.813436
rl 59873.1442 1.310521 0.668147
rl 59884.1292 -0.057430 0.934909
rl 59887.0951 0.524496 1.650528
rl 59896.0839 0.668757 0.934548
rl 59899.0854 -0.657076 1.200457
rl 59902.0445 0.655537 1.388662
rl 59913.2446 69.688118 0.861429
rl 59916.0544 91.393219 1.855510
rl 59924.0589 87.038773 0.877359
rl 59927.0604 70.005455 0.903350
rl 59930.0619 53.888073 0.761610
rl 59933.0632 38.811684 0.597265
rl 59942.0746 11.422708 0.733190
rl 59945.0770 12.027654 1.459105
rl 60192.2930 -1.136611 1.965936
rl 60195.2343 -1.490380 1.044075
rl 60209.2281 -3.026476 1.112199
rl 60212.2147 -0.249742 1.778033
rl 60223.1948 -1.332640 1.204955
rl 60226.2721 -0.583135 0.654420
rl 60238.2696 -0.430975 0.670265
rl 60241.1342 -0.763901 1.616971
rl 60267.0443 1.342876 1.300934
rl 60270.1082 2.223852 2.352292
rl 60278.0525 1.145373 0.906143
rl 60281.0552 -0.336881 0.978945
rl 60284.0557 0.788338 0.699573
rl 60287.0577 0.829850 0.838023
rl 60297.1169 1.138485 0.861478
rl 60300.0641 -1.363062 1.592898
rl 60567.2231 -0.115463 1.493698
rl 60578.2746 -1.292753 1.191581
rl 60581.1779 -2.170178 1.250318
rl 60593.1682 0.427907 0.929397
rl 60596.1820 -4.103788 2.037390
rl 60605.1380 -0.751285 0.803178
rl 60608.1308 -1.211723 0.719919
rl 60611.1227 0.293761 0.625011
rl 60621.1263 -0.100748 0.755304
rl 60624.0821 -0.400176 1.281967
rl 60627.2801 -0.726181 2.544365
rl 60632.0400 -0.993778 1.465065
rl 60635.0469 1.082942 1.040904
rl 60640.0504 -0.836486 0.915026
rl 60651.1265 -1.017773 0.800070
rl 60654.0597 3.609746 1.635321
rl 60662.1451 1.205614 1.308420
rl 60665.0637 -0.217836 0.578840
rl 60668.0647 -1.000780 0.857445
il 59825.2752 2.651183 1.892394
il 59839.2313 -1.065317 1.742908
il 59842.2140 -0.303125 1.630864
il 59854.2242 -0.127660 1.354645
il 59857.2032 0.070452 2.257784
il 59867.1753 -0.671558 1.683863
il 59870.1673 0.330911 1.247687
il 59873.1595 0.648845 1.003770
il 59884.1444 -0.061994 1.147085
il 59887.1103 -1.383936 1.809344
il 59896.0992 -0.261254 1.589324
il 59899.1007 -5.476221 2.103159
il 59902.0598 -0.154725 2.013459
il 59913.2599 93.387726 1.481216
il 59916.0697 121.973335 2.231153
il 59924.0742 139.113220 1.380699
il 59927.0756 122.845551 1.584007
il 59930.0771 104.759361 1.279679
il 59933.0785 83.613808 1.004768
il 59942.0965 35.819691 1.025303
il 59945.0922 28.128756 1.825531
il 60192.3082 4.442357 2.191514
il 60195.2496 -0.037806 1.601166
il 60209.2433 1.389104 1.677396
il 60212.2300 3.351099 2.047021
il 60223.2100 1.554438 1.939177
il 60226.2931 0.312454 1.042815
il 60238.2879 2.781543 1.190578
il 60241.1495 -1.562073 1.773808
il 60267.0595 -1.141513 1.883373
il 60270.1234 -2.399002 2.967694
il 60278.0677 -4.548945 1.473949
il 60281.0705 -1.248807 1.409342
il 60284.0709 1.383381 1.164579
il 60287.0729 -0.239721 1.401860
il 60297.1321 1.196867 1.159269
il 60300.0793 -0.732823 1.684377
il 60567.2384 1.140790 1.583306
il 60578.2898 -2.428368 1.801160
il 60581.1931 -3.253200 1.891597
il 60593.1834 -1.317002 1.281121
il 60596.1972 -0.209740 2.232148
il 60605.1532 2.182710 1.237712
il 60608.1460 0.055709 1.124260
il 60611.1380 0.594425 0.990094
il 60621.1416 1.268743 1.157456
il 60624.0974 0.621952 1.551249
il 60627.2954 -1.022424 2.775480
il 60632.0552 1.803560 2.194450
il 60635.0621 -3.413523 1.579736
il 60640.0656 -1.291328 1.421859
il 60651.1527 -3.582314 1.247334
il 60654.0749 -0.044092 1.869012
il 60662.1603 -0.971354 1.631724
il 60665.0789 0.714700 0.953029
il 60668.0893 0.455567 1.379064
ul 59875.1175 0.941641 2.113761
ul 59876.1160 2.743811 2.174677
ul 59879.1104 0.344063 1.864736
ul 59904.0584 1.810978 2.324940
ul 59906.0474 4.323023 2.212839
ul 59907.0480 4.089021 2.064590
ul 59908.0487 6.255477 3.108896
ul 59909.0494 12.612078 1.717122
ul 59910.0590 9.999269 1.740981
ul 59935.0739 1.365861 0.997023
ul 59937.0743 1.536017 1.349356
ul 59938.0754 1.599929 1.671853
ul 59939.0808 0.431926 1.870354
ul 60198.2332 4.077992 2.900300
ul 60236.1862 2.499182 1.951450
ul 60260.0773 1.271683 2.749332
ul 60265.0867 0.899916 2.550445
ul 60292.0607 0.122700 1.469407
ul 60293.0607 0.092842 1.525900
ul 60294.0616 0.056041 1.372287
ul 60554.2916 2.354577 2.056786
ul 60555.2620 0.002662 1.902940
ul 60556.2548 1.095703 2.432573
ul 60558.2534 1.101272 2.352968
ul 60559.2490 0.033437 2.046849
ul 60560.2424 3.994940 3.037771
ul 60584.1807 1.222702 2.191899
ul 60585.1757 0.327846 1.823200
ul 60586.1765 2.827825 1.717871
ul 60587.1702 0.889567 2.086190
ul 60612.1183 0.569889 1.249723
ul 60614.0960 2.668620 1.706953
ul 60620.1350 1.710823 1.660539
ul 60646.0548 0.912408 1.755323
ul 60648.0553 1.690295 1.407534
ul 60672.0693 1.585038 0.926548
ul 60673.0745 2.458951 1.940172
ul 60674.0798 0.196016 1.878615
gl 59839.2236 0.092122 1.268880
gl 59857.1956 4.389408 2.882672
gl 59867.1676 0.287344 1.297966
gl 59887.1027 1.007140 2.307604
gl 59902.0522 0.086133 1.300980
gl 59913.2522 37.690983 0.887439
gl 59916.0621 45.425243 2.444539
gl 59924.0665 33.005325 0.742592
gl 59927.0680 23.709034 0.839364
gl 59930.0695 15.444445 0.651723
gl 59933.0709 10.144874 0.504150
gl 59942.0889 2.056951 0.741259
gl 59945.0846 3.854910 2.050346
gl 60192.3006 3.571342 2.664128
gl 60195.2419 0.034503 0.962090
gl 60212.2223 5.151686 2.681356
gl 60226.2797 0.611184 0.579858
gl 60238.2803 1.177062 0.724730
gl 60267.0519 0.568708 1.462567
gl 60270.1158 2.019614 3.589092
gl 60278.0601 0.674310 0.886833
gl 60281.0629 1.352223 0.920188
gl 60297.1245 0.620136 0.970496
gl 60581.1855 1.660276 1.179489
gl 60596.1896 0.308081 2.884491
gl 60605.1456 0.220425 0.731679
gl 60608.1384 0.339502 0.655535
gl 60621.1339 0.470468 0.731881
gl 60624.0897 1.707398 1.658945
gl 60627.2877 2.213682 3.264580
gl 60632.0476 3.973976 1.380061
gl 60635.0545 1.257272 0.968600
gl 60651.1451 0.612382 0.806733
gl 60662.1527 2.753603 2.006637
rl 59825.2600 1.885829 0.945835
rl 59839.2161 1.149625 1.149089
rl 59842.1987 0.540558 1.051606
rl 59857.1879 5.000242 2.087561
rl 59870.1521 0.774863 0.813436
rl 59873.1442 1.310521 0.668147
rl 59887.0951 0.524496 1.650528
rl 59896.0839 0.668757 0.934548
rl 59902.0445 0.655537 1.388662
rl 59913.2446 69.688118 0.861429
rl 59916.0544 91.393219 1.855510
rl 59924.0589 87.038773 0.877359
rl 59927.0604 70.005455 0.903350
rl 59930.0619 53.888073 0.761610
rl 59933.0632 38.811684 0.597265
rl 59942.0746 11.422708 0.733190
rl 59945.0770 12.027654 1.459105
rl 60267.0443 1.342876 1.300934
rl 60270.1082 2.223852 2.352292
rl 60278.0525 1.145373 0.906143
rl 60284.0557 0.788338 0.699573
rl 60287.0577 0.829850 0.838023
rl 60297.1169 1.138485 0.861478
rl 60593.1682 0.427907 0.929397
rl 60611.1227 0.293761 0.625011
rl 60635.0469 1.082942 1.040904
rl 60654.0597 3.609746 1.635321
rl 60662.1451 1.205614 1.308420
il 59825.2752 2.651183 1.892394
il 59857.2032 0.070452 2.257784
il 59870.1673 0.330911 1.247687
il 59873.1595 0.648845 1.003770
il 59913.2599 93.387726 1.481216
il 59916.0697 121.973335 2.231153
il 59924.0742 139.113220 1.380699
il 59927.0756 122.845551 1.584007
il 59930.0771 104.759361 1.279679
il 59933.0785 83.613808 1.004768
il 59942.0965 35.819691 1.025303
il 59945.0922 28.128756 1.825531
il 60192.3082 4.442357 2.191514
il 60209.2433 1.389104 1.677396
il 60212.2300 3.351099 2.047021
il 60223.2100 1.554438 1.939177
il 60226.2931 0.312454 1.042815
il 60238.2879 2.781543 1.190578
il 60284.0709 1.383381 1.164579
il 60297.1321 1.196867 1.159269
il 60567.2384 1.140790 1.583306
il 60605.1532 2.182710 1.237712
il 60608.1460 0.055709 1.124260
il 60611.1380 0.594425 0.990094
il 60621.1416 1.268743 1.157456
il 60624.0974 0.621952 1.551249
il 60632.0552 1.803560 2.194450
il 60665.0789 0.714700 0.953029
il 60668.0893 0.455567 1.379064
