ul 59818.2219 -2.475273 1.657760
ul 59819.1176 5.569704 1.921569
ul 59820.1134 0.048100 1.738907
ul 59821.1113 4.089655 2.701395
ul 59822.1192 0.873609 2.794582
ul 59823.1592 1.346252 2.788193
ul 59851.1440 -2.307666 1.783561
ul 59874.0266 2.287611 1.430140
ul 59875.0223 2.241823 1.290552
ul 59876.0318 -2.233383 1.765499
ul 59877.0325 -0.349110 1.451375
ul 59878.0336 -2.679950 1.515026
ul 59879.0338 2.037975 1.595579
ul 59880.0348 0.751562 1.143682
ul 59905.0720 -2.060826 1.748894
ul 59906.0660 -0.176710 1.695383
ul 59907.0666 0.272219 1.707358
ul 59908.0581 2.958209 2.615567
ul 59909.0681 0.179181 1.823754
ul 59910.0685 -0.808184 1.570133
ul 60140.2403 62.422722 2.146461
ul 60141.2435 72.765678 3.233352
ul 60142.2334 87.048004 3.188406
ul 60143.2299 102.012047 2.882405
ul 60144.2272 109.778763 2.493236
ul 60145.2256 121.074402 3.007809
ul 60176.1432 11.026535 1.978959
ul 60177.1458 17.291224 2.832397
ul 60198.1198 4.769502 2.018275
ul 60199.0777 -0.932989 3.138526
ul 60200.0737 -0.483159 2.073995
ul 60201.0767 2.805672 2.538058
ul 60202.0715 0.138503 2.265177
ul 60206.1208 -2.690084 1.545055
ul 60207.1199 -2.207829 2.419672
ul 60228.0295 -1.452478 2.474742
ul 60229.0249 1.251502 2.822602
ul 60233.2652 0.855673 1.772030
ul 60234.0760 0.446428 1.436713
ul 60260.0516 -1.441979 2.235168
ul 60261.0449 -0.597526 1.511958
ul 60262.0455 -0.454579 1.497318
ul 60263.0460 -2.472203 1.547582
ul 60264.0378 1.023017 1.588867
ul 60265.0387 -0.154654 1.656019
ul 60499.2579 0.260317 2.473963
ul 60500.2524 2.007990 2.017709
ul 60501.2549 -2.463024 2.152675
ul 60502.2441 -3.712816 2.554429
ul 60524.2184 -1.700167 2.024475
ul 60525.1824 -2.935183 2.847075
ul 60554.1081 -1.269040 2.358781
ul 60555.1038 -2.735030 1.955400
ul 60556.0965 -0.646717 2.438073
ul 60557.0962 0.104767 1.747503
ul 60558.1179 0.379977 2.139855
ul 60559.1183 -0.201728 1.813730
ul 60560.1152 1.407059 2.587252
ul 60582.0718 -1.909240 1.938441
ul 60583.0256 -2.072908 2.864696
ul 60584.0252 -2.795976 2.196652
ul 60585.0205 -1.152615 1.802274
ul 60586.0210 -2.719091 1.710695
ul 60587.0215 -4.753499 1.954446
ul 60588.0219 2.547526 1.568118
ul 60612.0529 -0.225768 0.972748
ul 60613.0359 -1.653169 1.069302
ul 60614.0366 1.524404 1.221221
ul 60615.0285 0.443501 1.402692
ul 60616.0379 -2.401401 1.429178
ul 60617.0384 0.634507 1.113895
ul 60620.1257 0.232961 1.571889
gl 59770.3740 -0.486540 0.609907
gl 59779.4075 -3.850627 2.807952
gl 59782.2450 1.431833 1.162767
gl 59797.3412 -1.090605 0.957024
gl 59800.2406 -3.537036 3.339352
gl 59808.2301 1.242731 1.797987
gl 59811.1357 2.866290 0.983199
gl 59814.1283 0.539179 0.898374
gl 59826.3650 -0.483084 1.022424
gl 59836.1479 -0.037548 2.022517
gl 59839.0860 0.152388 0.807074
gl 59842.0761 -0.377581 0.719757
gl 59854.0303 -2.285603 1.421065
gl 59857.1008 -0.652679 2.516263
gl 59866.0250 0.810211 0.727850
gl 59869.0266 0.247408 0.724442
gl 59872.0285 -0.889480 0.607488
gl 59884.0385 0.929157 1.060996
gl 59896.0444 1.475005 0.777684
gl 59899.0460 -0.039659 0.753705
gl 59902.0992 -0.151232 1.063532
gl 60125.4171 1.157943 0.886128
gl 60153.2905 175.334351 1.407615
gl 60164.1697 100.301704 1.418465
gl 60168.1813 83.886345 0.962083
gl 60181.3694 48.280201 1.050239
gl 60184.3127 42.018177 3.070697
gl 60194.1175 27.772795 0.771378
gl 60197.0781 22.906620 1.078702
gl 60208.0801 14.872852 1.455756
gl 60211.0678 16.060066 3.631080
gl 60221.0706 7.584622 0.865452
gl 60224.0691 6.793627 0.742936
gl 60227.0703 6.251333 0.935307
gl 60237.2751 5.187878 0.873211
gl 60240.0775 0.693118 1.796117
gl 60249.0890 2.766670 0.660991
gl 60491.3523 -0.659123 1.554190
gl 60508.3203 -1.813586 1.783614
gl 60520.4281 0.807163 1.291016
gl 60532.2619 0.392121 0.712502
gl 60535.1806 -0.507151 1.975727
gl 60538.1727 -2.731791 2.614871
gl 60546.1263 1.445865 1.338899
gl 60549.1432 0.909638 0.914378
gl 60567.3838 0.704394 0.784583
gl 60574.1837 -0.708762 2.370712
gl 60577.0738 -0.497074 1.220159
gl 60580.0647 -1.433615 1.205110
gl 60593.0236 -0.495385 1.124933
gl 60596.0950 -3.153819 3.288709
gl 60603.0762 0.260817 0.573075
gl 60606.0779 -0.694146 0.826151
gl 60609.0799 -0.347592 0.593364
gl 60621.2278 -0.058575 0.895857
gl 60624.0425 -2.579547 1.623102
rl 59770.3662 0.115779 0.624221
rl 59779.3999 0.994562 2.066341
rl 59782.2372 1.909317 1.229667
rl 59797.3336 1.407858 0.993967
rl 59800.2328 7.631646 2.310766
rl 59808.2223 0.915432 1.388401
rl 59811.1280 -0.874639 1.096042
rl 59814.1206 -0.280143 0.915369
rl 59826.3574 2.477977 0.895447
rl 59836.1402 -0.868667 1.411277
rl 59839.0783 -0.171577 0.805103
rl 59842.0683 1.016334 0.796922
rl 59854.0225 -0.571147 1.195227
rl 59857.0931 -2.259842 1.762445
rl 59866.0173 0.318080 0.749321
rl 59869.0189 1.160383 0.725134
rl 59872.0208 0.907543 0.712691
rl 59884.0307 1.090312 0.940403
rl 59896.0367 0.385655 0.841193
rl 59899.0383 1.323308 0.704494
rl 59902.0916 0.284817 1.057530
rl 60125.4094 4.003604 0.961276
rl 60153.2828 178.002258 1.347869
rl 60164.1619 156.177292 1.663572
rl 60168.1735 143.043701 1.132614
rl 60181.3618 105.957413 1.172814
rl 60184.3051 98.084320 2.114507
rl 60194.1098 74.404045 0.921983
rl 60197.0703 68.239998 1.213959
rl 60208.0724 53.022354 1.426244
rl 60211.0601 50.761707 2.375328
rl 60221.0629 36.530186 0.926305
rl 60224.0614 33.572598 0.861579
rl 60227.0626 31.232580 0.864113
rl 60237.2675 23.891190 0.918749
rl 60240.0698 21.717503 1.328675
rl 60249.0813 15.992054 0.672266
rl 60491.3446 -0.236205 1.427175
rl 60508.3126 -4.155227 1.555504
rl 60520.4204 0.811713 1.099969
rl 60532.2542 -0.302756 0.746822
rl 60535.1729 -0.610709 1.582437
rl 60538.1650 0.977738 1.835415
rl 60546.1186 -0.147004 1.150111
rl 60549.1355 -1.215287 0.974654
rl 60567.3762 -1.193995 0.802178
rl 60574.1760 0.119370 1.627383
rl 60577.0661 -1.029722 1.287509
rl 60580.0570 1.761732 1.272229
rl 60593.0158 -1.096146 0.978039
rl 60596.0872 1.297010 2.350389
rl 60603.0685 -0.361988 0.608584
rl 60606.0701 -0.809114 0.882935
rl 60609.0721 0.240079 0.629493
rl 60621.2202 -0.829206 0.902639
rl 60624.0348 -0.224358 1.248427
il 59770.3817 -0.040571 1.057676
il 59779.4151 -0.466638 2.468795
il 59782.2527 3.253090 2.072131
il 59797.3489 -2.280062 1.692884
il 59800.2483 -0.697411 2.466755
il 59808.2378 -0.256072 1.614838
il 59811.1435 -4.501546 1.728090
il 59814.1361 -0.866716 1.392077
il 59826.3726 0.300508 1.602199
il 59836.1556 1.553028 1.757813
il 59839.0937 -2.038188 1.365766
il 59842.0838 0.452352 1.239386
il 59854.0380 -0.888397 1.700194
il 59857.1085 5.685915 2.115922
il 59866.0327 -0.196054 1.195959
il 59869.0343 -0.986316 1.272983
il 59872.0362 -0.650576 1.076471
il 59884.0462 0.401921 1.187752
il 59896.0521 -0.045573 1.243258
il 59899.0536 1.075439 1.363117
il 59902.1068 2.411943 1.775967
il 60125.4248 5.212914 1.520259
il 60153.2981 210.632919 1.628559
il 60164.1774 201.048737 2.279916
il 60168.1890 187.108994 1.649295
il 60181.3770 131.904663 1.698640
il 60184.3204 121.520363 2.679684
il 60194.1253 96.741379 1.500356
il 60197.0858 90.076447 1.963650
il 60208.0878 67.676628 1.695239
il 60211.0756 54.643440 2.905176
il 60221.0783 47.163704 1.385120
il 60224.0768 45.867985 1.330765
il 60227.0780 42.558971 1.618307
il 60237.2827 30.157381 1.770401
il 60240.0853 30.380692 1.720512
il 60249.0966 25.646952 1.160827
il 60491.3600 1.888639 2.101160
il 60508.3280 0.330287 1.949149
il 60520.4357 1.466031 2.261488
il 60532.2696 1.674953 1.202764
il 60535.1883 -0.072231 2.021341
il 60538.1804 -0.124932 1.906981
il 60546.1341 3.369909 2.116250
il 60549.1509 -1.810591 1.501027
il 60567.3914 -0.088091 1.485563
il 60574.1915 0.135190 1.815406
il 60577.0815 2.623308 1.995761
il 60580.0724 0.566755 1.971697
il 60593.0313 0.972546 1.334882
il 60596.1027 3.727654 2.536639
il 60603.0839 1.477422 1.245987
il 60606.0856 1.102182 1.404890
il 60609.0876 0.261125 1.035087
il 60621.2355 1.589459 1.635485
il 60624.0502 0.844579 1.499916
ul 59818.2219 -2.475273 1.657760
ul 59819.1176 5.569704 1.921569
ul 59820.1134 0.048100 1.738907
ul 59821.1113 4.089655 2.701395
ul 59822.1192 0.873609 2.794582
ul 59823.1592 1.346252 2.788193
ul 59851.1440 -2.307666 1.783561
ul 59874.0266 2.287611 1.430140
ul 59875.0223 2.241823 1.290552
ul 59876.0318 -2.233383 1.765499
ul 59877.0325 -0.349110 1.451375
ul 59878.0336 -2.679950 1.515026
ul 59879.0338 2.037975 1.595579
ul 59880.0348 0.751562 1.143682
ul 59905.0720 -2.060826 1.748894
ul 59906.0660 -0.176710 1.695383
ul 59907.0666 0.272219 1.707358
ul 59908.0581 2.958209 2.615567
ul 59909.0681 0.179181 1.823754
ul 59910.0685 -0.808184 1.570133
ul 60140.2403 62.422722 2.146461
ul 60141.2435 72.765678 3.233352
ul 60142.2334 87.048004 3.188406
ul 60143.2299 102.012047 2.882405
ul 60144.2272 109.778763 2.493236
ul 60145.2256 121.074402 3.007809
ul 60176.1432 11.026535 1.978959
ul 60177.1458 17.291224 2.832397
ul 60198.1198 4.769502 2.018275
ul 60199.0777 -0.932989 3.138526
ul 60200.0737 -0.483159 2.073995
ul 60201.0767 2.805672 2.538058
ul 60202.0715 0.138503 2.265177
ul 60206.1208 -2.690084 1.545055
ul 60207.1199 -2.207829 2.419672
ul 60228.0295 -1.452478 2.474742
ul 60229.0249 1.251502 2.822602
ul 60233.2652 0.855673 1.772030
ul 60234.0760 0.446428 1.436713
ul 60260.0516 -1.441979 2.235168
ul 60261.0449 -0.597526 1.511958
ul 60262.0455 -0.454579 1.497318
ul 60263.0460 -2.472203 1.547582
ul 60264.0378 1.023017 1.588867
ul 60265.0387 -0.154654 1.656019
ul 60499.2579 0.260317 2.473963
ul 60500.2524 2.007990 2.017709
ul 60501.2549 -2.463024 2.152675
ul 60502.2441 -3.712816 2.554429
ul 60524.2184 -1.700167 2.024475
ul 60525.1824 -2.935183 2.847075
ul 60554.1081 -1.269040 2.358781
ul 60555.1038 -2.735030 1.955400
ul 60556.0965 -0.646717 2.438073
ul 60557.0962 0.104767 1.747503
ul 60558.1179 0.379977 2.139855
ul 60559.1183 -0.201728 1.813730
ul 60560.1152 1.407059 2.587252
ul 60582.0718 -1.909240 1.938441
ul 60583.0256 -2.072908 2.864696
ul 60584.0252 -2.795976 2.196652
ul 60585.0205 -1.152615 1.802274
ul 60586.0210 -2.719091 1.710695
ul 60587.0215 -4.753499 1.954446
ul 60588.0219 2.547526 1.568118
ul 60612.0529 -0.225768 0.972748
ul 60613.0359 -1.653169 1.069302
ul 60614.0366 1.524404 1.221221
ul 60615.0285 0.443501 1.402692
ul 60616.0379 -2.401401 1.429178
ul 60617.0384 0.634507 1.113895
ul 60620.1257 0.232961 1.571889
gl 59770.3740 -0.486540 0.609907
gl 59779.4075 -3.850627 2.807952
gl 59782.2450 1.431833 1.162767
gl 59797.3412 -1.090605 0.957024
gl 59800.2406 -3.537036 3.339352
gl 59808.2301 1.242731 1.797987
gl 59811.1357 2.866290 0.983199
gl 59814.1283 0.539179 0.898374
gl 59826.3650 -0.483084 1.022424
gl 59836.1479 -0.037548 2.022517
gl 59839.0860 0.152388 0.807074
gl 59842.0761 -0.377581 0.719757
gl 59854.0303 -2.285603 1.421065
gl 59857.1008 -0.652679 2.516263
gl 59866.0250 0.810211 0.727850
gl 59869.0266 0.247408 0.724442
gl 59872.0285 -0.889480 0.607488
gl 59884.0385 0.929157 1.060996
gl 59896.0444 1.475005 0.777684
gl 59899.0460 -0.039659 0.753705
gl 59902.0992 -0.151232 1.063532
gl 60125.4171 1.157943 0.886128
gl 60153.2905 175.334351 1.407615
gl 60164.1697 100.301704 1.418465
gl 60168.1813 83.886345 0.962083
gl 60181.3694 48.280201 1.050239
gl 60184.3127 42.018177 3.070697
gl 60194.1175 27.772795 0.771378
gl 60197.0781 22.906620 1.078702
gl 60208.0801 14.872852 1.455756
gl 60211.0678 16.060066 3.631080
gl 60221.0706 7.584622 0.865452
gl 60224.0691 6.793627 0.742936
gl 60227.0703 6.251333 0.935307
gl 60237.2751 5.187878 0.873211
gl 60240.0775 0.693118 1.796117
gl 60249.0890 2.766670 0.660991
gl 60491.3523 -0.659123 1.554190
gl 60508.3203 -1.813586 1.783614
gl 60520.4281 0.807163 1.291016
gl 60532.2619 0.392121 0.712502
gl 60535.1806 -0.507151 1.975727
gl 60538.1727 -2.731791 2.614871
gl 60546.1263 1.445865 1.338899
gl 60549.1432 0.909638 0.914378
gl 60567.3838 0.704394 0.784583
gl 60574.1837 -0.708762 2.370712
gl 60577.0738 -0.497074 1.220159
gl 60580.0647 -1.433615 1.205110
gl 60593.0236 -0.495385 1.124933
gl 60596.0950 -3.153819 3.288709
gl 60603.0762 0.260817 0.573075
gl 60606.0779 -0.694146 0.826151
gl 60609.0799 -0.347592 0.593364
gl 60621.2278 -0.058575 0.895857
gl 60624.0425 -2.579547 1.623102
rl 59770.3662 0.115779 0.624221
rl 59779.3999 0.994562 2.066341
rl 59782.2372 1.909317 1.229667
rl 59797.3336 1.407858 0.993967
rl 59800.2328 7.631646 2.310766
rl 59808.2223 0.915432 1.388401
rl 59811.1280 -0.874639 1.096042
rl 59814.1206 -0.280143 0.915369
rl 59826.3574 2.477977 0.895447
rl 59836.1402 -0.868667 1.411277
rl 59839.0783 -0.171577 0.805103
rl 59842.0683 1.016334 0.796922
rl 59854.0225 -0.571147 1.195227
rl 59857.0931 -2.259842 1.762445
rl 59866.0173 0.318080 0.749321
rl 59869.0189 1.160383 0.725134
rl 59872.0208 0.907543 0.712691
rl 59884.0307 1.090312 0.940403
rl 59896.0367 0.385655 0.841193
rl 59899.0383 1.323308 0.704494
rl 59902.0916 0.284817 1.057530
rl 60125.4094 4.003604 0.961276
rl 60153.2828 178.002258 1.347869
rl 60164.1619 156.177292 1.663572
rl 60168.1735 143.043701 1.132614
rl 60181.3618 105.957413 1.172814
rl 60184.3051 98.084320 2.114507
rl 60194.1098 74.404045 0.921983
rl 60197.0703 68.239998 1.213959
rl 60208.0724 53.022354 1.426244
rl 60211.0601 50.761707 2.375328
rl 60221.0629 36.530186 0.926305
rl 60224.0614 33.572598 0.861579
rl 60227.0626 31.232580 0.864113
rl 60237.2675 23.891190 0.918749
rl 60240.0698 21.717503 1.328675
rl 60249.0813 15.992054 0.672266
rl 60491.3446 -0.236205 1.427175
rl 60508.3126 -4.155227 1.555504
rl 60520.4204 0.811713 1.099969
rl 60532.2542 -0.302756 0.746822
rl 60535.1729 -0.610709 1.582437
rl 60538.1650 0.977738 1.835415
rl 60546.1186 -0.147004 1.150111
rl 60549.1355 -1.215287 0.974654
rl 60567.3762 -1.193995 0.802178
rl 60574.1760 0.119370 1.627383
rl 60577.0661 -1.029722 1.287509
rl 60580.0570 1.761732 1.272229
rl 60593.0158 -1.096146 0.978039
rl 60596.0872 1.297010 2.350389
rl 60603.0685 -0.361988 0.608584
rl 60606.0701 -0.809114 0.882935
rl 60609.0721 0.240079 0.629493
rl 60621.2202 -0.829206 0.902639
rl 60624.0348 -0.224358 1.248427
il 59770.3817 -0.040571 1.057676
il 59779.4151 -0.466638 2.468795
il 59782.2527 3.253090 2.072131
il 59797.3489 -2.280062 1.692884
il 59800.2483 -0.697411 2.466755
il 59808.2378 -0.256072 1.614838
il 59811.1435 -4.501546 1.728090
il 59814.1361 -0.866716 1.392077
il 59826.3726 0.300508 1.602199
il 59836.1556 1.553028 1.757813
il 59839.0937 -2.038188 1.365766
il 59842.0838 0.452352 1.239386
il 59854.0380 -0.888397 1.700194
il 59857.1085 5.685915 2.115922
il 59866.0327 -0.196054 1.195959
il 59869.0343 -0.986316 1.272983
il 59872.0362 -0.650576 1.076471
il 59884.0462 0.401921 1.187752
il 59896.0521 -0.045573 1.243258
il 59899.0536 1.075439 1.363117
il 59902.1068 2.411943 1.775967
il 60125.4248 5.212914 1.520259
il 60153.2981 210.632919 1.628559
il 60164.1774 201.048737 2.279916
il 60168.1890 187.108994 1.649295
il 60181.3770 131.904663 1.698640
il 60184.3204 121.520363 2.679684
il 60194.1253 96.741379 1.500356
il 60197.0858 90.076447 1.963650
il 60208.0878 67.676628 1.695239
il 60211.0756 54.643440 2.905176
il 60221.0783 47.163704 1.385120
il 60224.0768 45.867985 1.330765
il 60227.0780 42.558971 1.618307
il 60237.2827 30.157381 1.770401
il 60240.0853 30.380692 1.720512
il 60249.0966 25.646952 1.160827
il 60491.3600 1.888639 2.101160
il 60508.3280 0.330287 1.949149
il 60520.4357 1.466031 2.261488
il 60532.2696 1.674953 1.202764
il 60535.1883 -0.072231 2.021341
il 60538.1804 -0.124932 1.906981
il 60546.1341 3.369909 2.116250
il 60549.1509 -1.810591 1.501027
il 60567.3914 -0.088091 1.485563
il 60574.1915 0.135190 1.815406
il 60577.0815 2.623308 1.995761
il 60580.0724 0.566755 1.971697
il 60593.0313 0.972546 1.334882
il 60596.1027 3.727654 2.536639
il 60603.0839 1.477422 1.245987
il 60606.0856 1.102182 1.404890
il 60609.0876 0.261125 1.035087
il 60621.2355 1.589459 1.635485
il 60624.0502 0.844579 1.499916
ul 59818.2219 -2.475273 1.657760
ul 59819.1176 5.569704 1.921569
ul 59820.1134 0.048100 1.738907
ul 59821.1113 4.089655 2.701395
ul 59822.1192 0.873609 2.794582
ul 59823.1592 1.346252 2.788193
ul 59851.1440 -2.307666 1.783561
ul 59874.0266 2.287611 1.430140
ul 59875.0223 2.241823 1.290552
ul 59876.0318 -2.233383 1.765499
ul 59877.0325 -0.349110 1.451375
ul 59878.0336 -2.679950 1.515026
ul 59879.0338 2.037975 1.595579
ul 59880.0348 0.751562 1.143682
ul 59905.0720 -2.060826 1.748894
ul 59906.0660 -0.176710 1.695383
ul 59907.0666 0.272219 1.707358
ul 59908.0581 2.958209 2.615567
ul 59909.0681 0.179181 1.823754
ul 59910.0685 -0.808184 1.570133
ul 60140.2403 62.422722 2.146461
ul 60141.2435 72.765678 3.233352
ul 60142.2334 87.048004 3.188406
ul 60143.2299 102.012047 2.882405
ul 60144.2272 109.778763 2.493236
ul 60145.2256 121.074402 3.007809
ul 60176.1432 11.026535 1.978959
ul 60177.1458 17.291224 2.832397
ul 60198.1198 4.769502 2.018275
ul 60199.0777 -0.932989 3.138526
ul 60200.0737 -0.483159 2.073995
ul 60201.0767 2.805672 2.538058
ul 60202.0715 0.138503 2.265177
ul 60206.1208 -2.690084 1.545055
ul 60207.1199 -2.207829 2.419672
ul 60228.0295 -1.452478 2.474742
ul 60229.0249 1.251502 2.822602
ul 60233.2652 0.855673 1.772030
ul 60234.0760 0.446428 1.436713
ul 60260.0516 -1.441979 2.235168
ul 60261.0449 -0.597526 1.511958
ul 60262.0455 -0.454579 1.497318
ul 60263.0460 -2.472203 1.547582
ul 60264.0378 1.023017 1.588867
ul 60265.0387 -0.154654 1.656019
ul 60499.2579 0.260317 2.473963
ul 60500.2524 2.007990 2.017709
ul 60501.2549 -2.463024 2.152675
ul 60502.2441 -3.712816 2.554429
ul 60524.2184 -1.700167 2.024475
ul 60525.1824 -2.935183 2.847075
ul 60554.1081 -1.269040 2.358781
ul 60555.1038 -2.735030 1.955400
ul 60556.0965 -0.646717 2.438073
ul 60557.0962 0.104767 1.747503
ul 60558.1179 0.379977 2.139855
ul 60559.1183 -0.201728 1.813730
ul 60560.1152 1.407059 2.587252
ul 60582.0718 -1.909240 1.938441
ul 60583.0256 -2.072908 2.864696
ul 60584.0252 -2.795976 2.196652
ul 60585.0205 -1.152615 1.802274
ul 60586.0210 -2.719091 1.710695
ul 60587.0215 -4.753499 1.954446
ul 60588.0219 2.547526 1.568118
ul 60612.0529 -0.225768 0.972748
ul 60613.0359 -1.653169 1.069302
ul 60614.0366 1.524404 1.221221
ul 60615.0285 0.443501 1.402692
ul 60616.0379 -2.401401 1.429178
ul 60617.0384 0.634507 1.113895
ul 60620.1257 0.232961 1.571889
gl 59770.3740 -0.486540 0.609907
gl 59779.4075 -3.850627 2.807952
gl 59782.2450 1.431833 1.162767
gl 59797.3412 -1.090605 0.957024
gl 59800.2406 -3.537036 3.339352
gl 59808.2301 1.242731 1.797987
gl 59811.1357 2.866290 0.983199
gl 59814.1283 0.539179 0.898374
gl 59826.3650 -0.483084 1.022424
gl 59836.1479 -0.037548 2.022517
gl 59839.0860 0.152388 0.807074
gl 59842.0761 -0.377581 0.719757
gl 59854.0303 -2.285603 1.421065
gl 59857.1008 -0.652679 2.516263
gl 59866.0250 0.810211 0.727850
gl 59869.0266 0.247408 0.724442
gl 59872.0285 -0.889480 0.607488
gl 59884.0385 0.929157 1.060996
gl 59896.0444 1.475005 0.777684
gl 59899.0460 -0.039659 0.753705
gl 59902.0992 -0.151232 1.063532
gl 60125.4171 1.157943 0.886128
gl 60153.2905 175.334351 1.407615
gl 60164.1697 100.301704 1.418465
gl 60168.1813 83.886345 0.962083
gl 60181.3694 48.280201 1.050239
gl 60184.3127 42.018177 3.070697
gl 60194.1175 27.772795 0.771378
gl 60197.0781 22.906620 1.078702
gl 60208.0801 14.872852 1.455756
gl 60211.0678 16.060066 3.631080
gl 60221.0706 7.584622 0.865452
gl 60224.0691 6.793627 0.742936
gl 60227.0703 6.251333 0.935307
gl 60237.2751 5.187878 0.873211
gl 60240.0775 0.693118 1.796117
gl 60249.0890 2.766670 0.660991
gl 60491.3523 -0.659123 1.554190
gl 60508.3203 -1.813586 1.783614
gl 60520.4281 0.807163 1.291016
gl 60532.2619 0.392121 0.712502
gl 60535.1806 -0.507151 1.975727
gl 60538.1727 -2.731791 2.614871
gl 60546.1263 1.445865 1.338899
gl 60549.1432 0.909638 0.914378
gl 60567.3838 0.704394 0.784583
gl 60574.1837 -0.708762 2.370712
gl 60577.0738 -0.497074 1.220159
gl 60580.0647 -1.433615 1.205110
gl 60593.0236 -0.495385 1.124933
gl 60596.0950 -3.153819 3.288709
gl 60603.0762 0.260817 0.573075
gl 60606.0779 -0.694146 0.826151
gl 60609.0799 -0.347592 0.593364
gl 60621.2278 -0.058575 0.895857
gl 60624.0425 -2.579547 1.623102
rl 59770.3662 0.115779 0.624221
rl 59779.3999 0.994562 2.066341
rl 59782.2372 1.909317 1.229667
rl 59797.3336 1.407858 0.993967
rl 59800.2328 7.631646 2.310766
rl 59808.2223 0.915432 1.388401
rl 59811.1280 -0.874639 1.096042
rl 59814.1206 -0.280143 0.915369
rl 59826.3574 2.477977 0.895447
rl 59836.1402 -0.868667 1.411277
rl 59839.0783 -0.171577 0.805103
rl 59842.0683 1.016334 0.796922
rl 59854.0225 -0.571147 1.195227
rl 59857.0931 -2.259842 1.762445
rl 59866.0173 0.318080 0.749321
rl 59869.0189 1.160383 0.725134
rl 59872.0208 0.907543 0.712691
rl 59884.0307 1.090312 0.940403
rl 59896.0367 0.385655 0.841193
rl 59899.0383 1.323308 0.704494
rl 59902.0916 0.284817 1.057530
rl 60125.4094 4.003604 0.961276
rl 60153.2828 178.002258 1.347869
rl 60164.1619 156.177292 1.663572
rl 60168.1735 143.043701 1.132614
rl 60181.3618 105.957413 1.172814
rl 60184.3051 98.084320 2.114507
rl 60194.1098 74.404045 0.921983
rl 60197.0703 68.239998 1.213959
rl 60208.0724 53.022354 1.426244
rl 60211.0601 50.761707 2.375328
rl 60221.0629 36.530186 0.926305
rl 60224.0614 33.572598 0.861579
rl 60227.0626 31.232580 0.864113
rl 60237.2675 23.891190 0.918749
rl 60240.0698 21.717503 1.328675
rl 60249.0813 15.992054 0.672266
rl 60491.3446 -0.236205 1.427175
rl 60508.3126 -4.155227 1.555504
rl 60520.4204 0.811713 1.099969
rl 60532.2542 -0.302756 0.746822
rl 60535.1729 -0.610709 1.582437
rl 60538.1650 0.977738 1.835415
rl 60546.1186 -0.147004 1.150111
rl 60549.1355 -1.215287 0.974654
rl 60567.3762 -1.193995 0.802178
rl 60574.1760 0.119370 1.627383
rl 60577.0661 -1.029722 1.287509
rl 60580.0570 1.761732 1.272229
rl 60593.0158 -1.096146 0.978039
rl 60596.0872 1.297010 2.350389
rl 60603.0685 -0.361988 0.608584
rl 60606.0701 -0.809114 0.882935
rl 60609.0721 0.240079 0.629493
rl 60621.2202 -0.829206 0.902639
rl 60624.0348 -0.224358 1.248427
il 59770.3817 -0.040571 1.057676
il 59779.4151 -0.466638 2.468795
il 59782.2527 3.253090 2.072131
il 59797.3489 -2.280062 1.692884
il 59800.2483 -0.697411 2.466755
il 59808.2378 -0.256072 1.614838
il 59811.1435 -4.501546 1.728090
il 59814.1361 -0.866716 1.392077
il 59826.3726 0.300508 1.602199
il 59836.1556 1.553028 1.757813
il 59839.0937 -2.038188 1.365766
il 59842.0838 0.452352 1.239386
il 59854.0380 -0.888397 1.700194
il 59857.1085 5.685915 2.115922
il 59866.0327 -0.196054 1.195959
il 59869.0343 -0.986316 1.272983
il 59872.0362 -0.650576 1.076471
il 59884.0462 0.401921 1.187752
il 59896.0521 -0.045573 1.243258
il 59899.0536 1.075439 1.363117
il 59902.1068 2.411943 1.775967
il 60125.4248 5.212914 1.520259
il 60153.2981 210.632919 1.628559
il 60164.1774 201.048737 2.279916
il 60168.1890 187.108994 1.649295
il 60181.3770 131.904663 1.698640
il 60184.3204 121.520363 2.679684
il 60194.1253 96.741379 1.500356
il 60197.0858 90.076447 1.963650
il 60208.0878 67.676628 1.695239
il 60211.0756 54.643440 2.905176
il 60221.0783 47.163704 1.385120
il 60224.0768 45.867985 1.330765
il 60227.0780 42.558971 1.618307
il 60237.2827 30.157381 1.770401
il 60240.0853 30.380692 1.720512
il 60249.0966 25.646952 1.160827
il 60491.3600 1.888639 2.101160
il 60508.3280 0.330287 1.949149
il 60520.4357 1.466031 2.261488
il 60532.2696 1.674953 1.202764
il 60535.1883 -0.072231 2.021341
il 60538.1804 -0.124932 1.906981
il 60546.1341 3.369909 2.116250
il 60549.1509 -1.810591 1.501027
il 60567.3914 -0.088091 1.485563
il 60574.1915 0.135190 1.815406
il 60577.0815 2.623308 1.995761
il 60580.0724 0.566755 1.971697
il 60593.0313 0.972546 1.334882
il 60596.1027 3.727654 2.536639
il 60603.0839 1.477422 1.245987
il 60606.0856 1.102182 1.404890
il 60609.0876 0.261125 1.035087
il 60621.2355 1.589459 1.635485
il 60624.0502 0.844579 1.499916
ul 59819.1176 5.569704 1.921569
ul 59820.1134 0.048100 1.738907
ul 59821.1113 4.089655 2.701395
ul 59822.1192 0.873609 2.794582
ul 59823.1592 1.346252 2.788193
ul 59874.0266 2.287611 1.430140
ul 59875.0223 2.241823 1.290552
ul 59879.0338 2.037975 1.595579
ul 59880.0348 0.751562 1.143682
ul 59907.0666 0.272219 1.707358
ul 59908.0581 2.958209 2.615567
ul 59909.0681 0.179181 1.823754
ul 60140.2403 62.422722 2.146461
ul 60141.2435 72.765678 3.233352
ul 60142.2334 87.048004 3.188406
ul 60143.2299 102.012047 2.882405
ul 60144.2272 109.778763 2.493236
ul 60145.2256 121.074402 3.007809
ul 60176.1432 11.026535 1.978959
ul 60177.1458 17.291224 2.832397
ul 60198.1198 4.769502 2.018275
ul 60201.0767 2.805672 2.538058
ul 60202.0715 0.138503 2.265177
ul 60229.0249 1.251502 2.822602
ul 60233.2652 0.855673 1.772030
ul 60234.0760 0.446428 1.436713
ul 60264.0378 1.023017 1.588867
ul 60499.2579 0.260317 2.473963
ul 60500.2524 2.007990 2.017709
ul 60557.0962 0.104767 1.747503
ul 60558.1179 0.379977 2.139855
ul 60560.1152 1.407059 2.587252
ul 60588.0219 2.547526 1.568118
ul 60614.0366 1.524404 1.221221
ul 60615.0285 0.443501 1.402692
ul 60617.0384 0.634507 1.113895
ul 60620.1257 0.232961 1.571889
gl 59782.2450 1.431833 1.162767
gl 59808.2301 1.242731 1.797987
gl 59811.1357 2.866290 0.983199
gl 59814.1283 0.539179 0.898374
gl 59839.0860 0.152388 0.807074
gl 59866.0250 0.810211 0.727850
gl 59869.0266 0.247408 0.724442
gl 59884.0385 0.929157 1.060996
gl 59896.0444 1.475005 0.777684
gl 60125.4171 1.157943 0.886128
gl 60153.2905 175.334351 1.407615
gl 60164.1697 100.301704 1.418465
gl 60168.1813 83.886345 0.962083
gl 60181.3694 48.280201 1.050239
gl 60184.3127 42.018177 3.070697
gl 60194.1175 27.772795 0.771378
gl 60197.0781 22.906620 1.078702
gl 60208.0801 14.872852 1.455756
gl 60211.0678 16.060066 3.631080
gl 60221.0706 7.584622 0.865452
gl 60224.0691 6.793627 0.742936
gl 60227.0703 6.251333 0.935307
gl 60237.2751 5.187878 0.873211
gl 60240.0775 0.693118 1.796117
gl 60249.0890 2.766670 0.660991
gl 60520.4281 0.807163 1.291016
gl 60532.2619 0.392121 0.712502
gl 60546.1263 1.445865 1.338899
gl 60549.1432 0.909638 0.914378
gl 60567.3838 0.704394 0.784583
gl 60603.0762 0.260817 0.573075
rl 59770.3662 0.115779 0.624221
rl 59779.3999 0.994562 2.066341
rl 59782.2372 1.909317 1.229667
rl 59797.3336 1.407858 0.993967
rl 59800.2328 7.631646 2.310766
rl 59808.2223 0.915432 1.388401
rl 59826.3574 2.477977 0.895447
rl 59842.0683 1.016334 0.796922
rl 59866.0173 0.318080 0.749321
rl 59869.0189 1.160383 0.725134
rl 59872.0208 0.907543 0.712691
rl 59884.0307 1.090312 0.940403
rl 59896.0367 0.385655 0.841193
rl 59899.0383 1.323308 0.704494
rl 59902.0916 0.284817 1.057530
rl 60125.4094 4.003604 0.961276
rl 60153.2828 178.002258 1.347869
rl 60164.1619 156.177292 1.663572
rl 60168.1735 143.043701 1.132614
rl 60181.3618 105.957413 1.172814
rl 60184.3051 98.084320 2.114507
rl 60194.1098 74.404045 0.921983
rl 60197.0703 68.239998 1.213959
rl 60208.0724 53.022354 1.426244
rl 60211.0601 50.761707 2.375328
rl 60221.0629 36.530186 0.926305
rl 60224.0614 33.572598 0.861579
rl 60227.0626 31.232580 0.864113
rl 60237.2675 23.891190 0.918749
rl 60240.0698 21.717503 1.328675
rl 60249.0813 15.992054 0.672266
rl 60520.4204 0.811713 1.099969
rl 60538.1650 0.977738 1.835415
rl 60574.1760 0.119370 1.627383
rl 60580.0570 1.761732 1.272229
rl 60596.0872 1.297010 2.350389
rl 60609.0721 0.240079 0.629493
il 59782.2527 3.253090 2.072131
il 59826.3726 0.300508 1.602199
il 59836.1556 1.553028 1.757813
il 59842.0838 0.452352 1.239386
il 59857.1085 5.685915 2.115922
il 59884.0462 0.401921 1.187752
il 59899.0536 1.075439 1.363117
il 59902.1068 2.411943 1.775967
il 60125.4248 5.212914 1.520259
il 60153.2981 210.632919 1.628559
il 60164.1774 201.048737 2.279916
il 60168.1890 187.108994 1.649295
il 60181.3770 131.904663 1.698640
il 60184.3204 121.520363 2.679684
il 60194.1253 96.741379 1.500356
il 60197.0858 90.076447 1.963650
il 60208.0878 67.676628 1.695239
il 60211.0756 54.643440 2.905176
il 60221.0783 47.163704 1.385120
il 60224.0768 45.867985 1.330765
il 60227.0780 42.558971 1.618307
il 60237.2827 30.157381 1.770401
il 60240.0853 30.380692 1.720512
il 60249.0966 25.646952 1.160827
il 60491.3600 1.888639 2.101160
il 60508.3280 0.330287 1.949149
il 60520.4357 1.466031 2.261488
il 60532.2696 1.674953 1.202764
il 60546.1341 3.369909 2.116250
il 60574.1915 0.135190 1.815406
il 60577.0815 2.623308 1.995761
il 60580.0724 0.566755 1.971697
il 60593.0313 0.972546 1.334882
il 60596.1027 3.727654 2.536639
il 60603.0839 1.477422 1.245987
il 60606.0856 1.102182 1.404890
il 60609.0876 0.261125 1.035087
il 60621.2355 1.589459 1.635485
il 60624.0502 0.844579 1.499916
