ul 59819.1532 -0.627775 1.930571
ul 59820.1047 -0.505491 1.874294
ul 59821.1026 0.798958 2.698310
ul 59822.1105 -8.258019 3.185098
ul 59823.1505 2.672230 2.980119
ul 59851.1114 1.428350 1.866996
ul 59874.0599 1.456683 1.617777
ul 59875.0311 0.511345 1.339536
ul 59876.0231 -0.652513 2.152617
ul 59877.0238 -2.101938 1.617643
ul 59878.0246 -3.133183 1.650163
ul 59879.0248 -3.085348 1.692574
ul 59880.0258 1.519455 1.378152
ul 60118.4163 -0.608534 1.578276
ul 60140.2290 2.913186 1.914816
ul 60141.2225 5.555604 3.606091
ul 60142.2202 -0.755002 3.127636
ul 60143.2212 0.609399 2.462520
ul 60144.2186 2.864400 1.969388
ul 60145.2123 -2.053272 2.454749
ul 60176.1332 -2.653753 2.402656
ul 60177.1370 3.904172 2.849726
ul 60198.1077 3.221955 2.495198
ul 60199.0914 -2.176450 3.175374
ul 60200.0650 -3.041610 2.559577
ul 60201.0680 -1.451533 2.920141
ul 60202.0552 0.023192 2.108191
ul 60206.1107 1.890497 1.583500
ul 60207.1469 -0.316871 2.859983
ul 60228.0187 1.051742 2.757166
ul 60229.0162 -2.847290 2.767707
ul 60234.0265 2.181226 2.299435
ul 60260.0423 -0.825265 2.685712
ul 60261.0361 1.552042 1.947434
ul 60262.0367 3.409328 1.875881
ul 60263.0373 0.497470 2.230173
ul 60264.0465 -0.589303 1.947036
ul 60499.2467 -1.176072 2.640203
ul 60500.2437 2.750783 2.121426
ul 60501.2385 1.677946 2.343482
ul 60502.2355 -1.975819 2.666606
ul 60524.2390 0.495826 2.115123
ul 60525.1736 -7.859568 2.978174
ul 60554.0964 -3.259908 2.516833
ul 60555.0951 3.384456 2.057525
ul 60556.0879 -0.061378 2.520569
ul 60557.0831 -3.090869 1.831832
ul 60558.1093 -2.564971 2.326372
ul 60559.1097 3.428500 2.023162
ul 60560.1065 -6.843453 2.859433
ul 60582.0840 -3.793263 2.080689
ul 60583.0169 3.310701 2.994846
ul 60584.0117 1.744335 2.315895
ul 60585.0117 -3.386706 1.873015
ul 60586.0123 -2.486153 1.805302
ul 60587.0127 -2.999338 2.109735
ul 60588.0131 1.917417 1.684578
ul 60612.0266 -1.183905 1.177037
ul 60613.0269 -0.588717 1.272692
ul 60614.0276 -0.991020 1.451235
ul 60615.0375 0.410022 1.630926
ul 60616.0290 -0.986078 1.715999
ul 60617.0295 -2.199252 1.334364
gl 59750.4306 115.924324 2.278137
gl 59752.4147 129.514328 1.441511
gl 59767.3045 119.819618 1.163565
gl 59770.2256 105.659843 2.889651
gl 59779.3265 73.854942 2.892221
gl 59782.1974 57.134460 1.486521
gl 59797.2938 21.322037 1.140589
gl 59800.3244 17.397604 3.356263
gl 59807.1815 7.693765 2.090219
gl 59810.1122 7.302386 1.008661
gl 59813.1122 5.885094 0.968417
gl 59835.0678 1.348145 2.491904
gl 59839.0384 1.495599 1.152235
gl 59842.0285 0.850998 1.051673
gl 59854.0873 -0.514676 1.201151
gl 59857.0531 4.751623 2.473139
gl 59864.0239 -1.337903 0.889536
gl 59867.0255 -0.304152 1.318792
gl 59870.0272 0.282454 0.932262
gl 59873.0289 -0.101508 0.764652
gl 59884.0900 -2.700083 1.512173
gl 59887.0375 -1.122160 2.983519
gl 60124.2618 -1.707269 2.968294
gl 60153.2351 2.585830 1.908544
gl 60162.1554 3.851032 2.625225
gl 60165.1446 0.180476 0.717223
gl 60168.1337 0.797143 0.866097
gl 60181.3223 2.229354 1.253243
gl 60184.3701 -1.038144 2.592105
gl 60194.1652 1.600505 1.068519
gl 60197.1258 -1.185562 0.919634
gl 60208.0307 -0.809869 1.360091
gl 60211.0202 -1.728593 3.072214
gl 60221.0230 -0.115778 0.893919
gl 60224.0217 1.356196 1.059214
gl 60227.0228 -0.520205 1.009821
gl 60237.2283 -0.980947 0.879216
gl 60240.0300 -2.344103 2.679530
gl 60249.0415 -0.633371 0.781576
gl 60490.2725 2.546836 1.818611
gl 60493.2450 -0.502206 0.992619
gl 60508.2715 -3.966490 3.531427
gl 60532.3565 1.794066 0.858803
gl 60535.1330 1.561872 2.477676
gl 60538.2428 1.118175 2.632041
gl 60546.3482 2.190148 2.867579
gl 60549.0956 1.253229 1.046819
gl 60567.2897 -0.770297 2.342864
gl 60574.1195 0.430226 2.222040
gl 60577.0263 -0.338527 1.416069
gl 60580.0173 0.536688 1.404498
gl 60593.0713 -0.438937 1.139278
gl 60596.0381 0.608270 3.672634
gl 60603.0286 1.030777 0.673884
gl 60606.0303 -0.833912 0.996964
gl 60609.0323 0.806452 0.710009
gl 60621.1810 0.915840 0.897896
gl 60624.1836 -2.547033 2.306025
rl 59750.4229 193.464157 1.868562
rl 59752.4070 215.187897 1.615106
rl 59767.2968 265.157593 1.715924
rl 59770.2179 257.939148 2.496544
rl 59779.3188 200.143417 2.592309
rl 59782.1897 175.414139 1.771896
rl 59797.2861 86.185913 1.200023
rl 59800.3168 78.367249 2.349951
rl 59807.1738 51.927353 1.654145
rl 59810.1045 44.679359 1.085381
rl 59813.1044 39.131500 1.032802
rl 59835.0600 15.428999 1.673415
rl 59839.0306 10.448298 1.194556
rl 59842.0207 8.631761 1.047670
rl 59854.0796 3.834962 1.118120
rl 59857.0453 2.867316 1.786545
rl 59864.0162 2.352000 0.858812
rl 59867.0178 0.567424 1.320275
rl 59870.0194 1.786492 0.936090
rl 59873.0212 1.857626 0.746471
rl 59884.0823 1.555658 1.100861
rl 59887.0298 0.160739 1.888534
rl 60124.2541 0.380828 2.299362
rl 60153.2274 0.917233 1.393264
rl 60162.1477 -1.100889 1.899629
rl 60165.1369 -0.583290 0.854160
rl 60168.1260 0.906631 0.888120
rl 60181.3147 -1.693834 1.269683
rl 60184.3625 0.537594 2.153519
rl 60194.1575 1.363890 1.076265
rl 60197.1181 -1.638081 1.106778
rl 60208.0229 0.500419 1.435318
rl 60211.0124 -0.483897 2.269041
rl 60221.0153 -0.242046 1.005465
rl 60224.0140 -0.197745 1.155925
rl 60227.0151 -1.093360 1.063074
rl 60237.2206 1.203985 0.929119
rl 60240.0223 1.156645 2.015012
rl 60249.0338 1.638656 0.874771
rl 60490.2647 1.490506 1.495244
rl 60493.2372 1.575088 1.064863
rl 60508.2638 -1.769839 2.456706
rl 60532.3489 0.744001 0.871872
rl 60535.1253 -1.358979 1.910032
rl 60538.2351 0.259257 1.815673
rl 60546.3406 -1.708620 1.914992
rl 60549.0879 2.015933 1.119088
rl 60567.2821 -1.862743 1.710775
rl 60574.1118 0.191549 1.562002
rl 60577.0186 0.884078 1.481287
rl 60580.0095 1.322372 1.462419
rl 60593.0636 -0.226153 0.958744
rl 60596.0304 -1.002442 2.599902
rl 60603.0208 -1.195757 0.717204
rl 60606.0225 1.514776 1.034299
rl 60609.0247 0.482463 0.750948
rl 60621.1734 0.773035 0.930506
rl 60624.1760 2.357529 1.684726
il 59750.4383 239.423737 2.660841
il 59752.4224 265.311493 2.061382
il 59767.3122 392.677307 2.470088
il 59770.2334 387.222656 2.968423
il 59779.3342 332.056671 2.872105
il 59782.2051 311.264099 2.888329
il 59797.3015 190.509857 2.209756
il 59800.3320 168.609985 2.823052
il 59807.1892 131.205322 1.900720
il 59810.1200 117.036636 1.914895
il 59813.1199 102.283508 1.698431
il 59835.0755 42.207226 2.286411
il 59839.0461 35.320606 1.624154
il 59842.0362 30.576853 1.630251
il 59854.0950 18.940239 1.497295
il 59857.0608 15.204965 1.904394
il 59864.0316 10.426378 1.418772
il 59867.0332 11.500164 2.202723
il 59870.0349 6.875999 1.513609
il 59873.0366 7.856533 1.245623
il 59884.0976 2.487620 1.533052
il 59887.0451 4.900182 2.293615
il 60124.2695 -0.703123 2.517375
il 60153.2428 2.003089 1.657821
il 60162.1631 -2.250959 2.783637
il 60165.1524 -0.789380 1.373697
il 60168.1414 -2.395748 1.670057
il 60181.3299 3.954485 2.227529
il 60184.3777 -1.576064 2.502675
il 60194.1729 -1.370030 1.797915
il 60197.1335 -0.898726 1.345109
il 60208.0384 0.436947 1.843179
il 60211.0279 -0.137135 2.616390
il 60221.0308 -1.444628 1.373536
il 60224.0294 -0.340695 1.908644
il 60227.0305 2.399094 1.609589
il 60237.2359 2.836809 1.526828
il 60240.0377 -0.095758 2.662563
il 60249.0492 -0.458281 1.294499
il 60490.2802 -0.199415 2.084750
il 60493.2527 -0.454194 1.679184
il 60508.2792 0.092676 2.694242
il 60532.3641 -0.004648 1.472132
il 60535.1408 0.993524 2.409331
il 60538.2505 0.067887 1.983713
il 60546.3558 -0.720953 2.319010
il 60549.1034 -0.662722 1.753901
il 60567.2973 0.962332 1.944909
il 60574.1272 -2.769793 1.998452
il 60577.0340 -0.047929 2.346827
il 60580.0250 -0.704904 2.323666
il 60593.0790 0.554753 1.357715
il 60596.0458 -1.628114 2.830670
il 60603.0363 1.822107 1.178185
il 60606.0379 1.097673 1.667391
il 60609.0400 -0.710530 1.226048
il 60621.1886 1.477869 1.603996
il 60624.1913 3.028142 2.199890
ul 59819.1532 -0.627775 1.930571
ul 59820.1047 -0.505491 1.874294
ul 59821.1026 0.798958 2.698310
ul 59822.1105 -8.258019 3.185098
ul 59823.1505 2.672230 2.980119
ul 59851.1114 1.428350 1.866996
ul 59874.0599 1.456683 1.617777
ul 59875.0311 0.511345 1.339536
ul 59876.0231 -0.652513 2.152617
ul 59877.0238 -2.101938 1.617643
ul 59878.0246 -3.133183 1.650163
ul 59879.0248 -3.085348 1.692574
ul 59880.0258 1.519455 1.378152
ul 60118.4163 -0.608534 1.578276
ul 60140.2290 2.913186 1.914816
ul 60141.2225 5.555604 3.606091
ul 60142.2202 -0.755002 3.127636
ul 60143.2212 0.609399 2.462520
ul 60144.2186 2.864400 1.969388
ul 60145.2123 -2.053272 2.454749
ul 60176.1332 -2.653753 2.402656
ul 60177.1370 3.904172 2.849726
ul 60198.1077 3.221955 2.495198
ul 60199.0914 -2.176450 3.175374
ul 60200.0650 -3.041610 2.559577
ul 60201.0680 -1.451533 2.920141
ul 60202.0552 0.023192 2.108191
ul 60206.1107 1.890497 1.583500
ul 60207.1469 -0.316871 2.859983
ul 60228.0187 1.051742 2.757166
ul 60229.0162 -2.847290 2.767707
ul 60234.0265 2.181226 2.299435
ul 60260.0423 -0.825265 2.685712
ul 60261.0361 1.552042 1.947434
ul 60262.0367 3.409328 1.875881
ul 60263.0373 0.497470 2.230173
ul 60264.0465 -0.589303 1.947036
ul 60499.2467 -1.176072 2.640203
ul 60500.2437 2.750783 2.121426
ul 60501.2385 1.677946 2.343482
ul 60502.2355 -1.975819 2.666606
ul 60524.2390 0.495826 2.115123
ul 60525.1736 -7.859568 2.978174
ul 60554.0964 -3.259908 2.516833
ul 60555.0951 3.384456 2.057525
ul 60556.0879 -0.061378 2.520569
ul 60557.0831 -3.090869 1.831832
ul 60558.1093 -2.564971 2.326372
ul 60559.1097 3.428500 2.023162
ul 60560.1065 -6.843453 2.859433
ul 60582.0840 -3.793263 2.080689
ul 60583.0169 3.310701 2.994846
ul 60584.0117 1.744335 2.315895
ul 60585.0117 -3.386706 1.873015
ul 60586.0123 -2.486153 1.805302
ul 60587.0127 -2.999338 2.109735
ul 60588.0131 1.917417 1.684578
ul 60612.0266 -1.183905 1.177037
ul 60613.0269 -0.588717 1.272692
ul 60614.0276 -0.991020 1.451235
ul 60615.0375 0.410022 1.630926
ul 60616.0290 -0.986078 1.715999
ul 60617.0295 -2.199252 1.334364
gl 59750.4306 115.924324 2.278137
gl 59752.4147 129.514328 1.441511
gl 59767.3045 119.819618 1.163565
gl 59770.2256 105.659843 2.889651
gl 59779.3265 73.854942 2.892221
gl 59782.1974 57.134460 1.486521
gl 59797.2938 21.322037 1.140589
gl 59800.3244 17.397604 3.356263
gl 59807.1815 7.693765 2.090219
gl 59810.1122 7.302386 1.008661
gl 59813.1122 5.885094 0.968417
gl 59835.0678 1.348145 2.491904
gl 59839.0384 1.495599 1.152235
gl 59842.0285 0.850998 1.051673
gl 59854.0873 -0.514676 1.201151
gl 59857.0531 4.751623 2.473139
gl 59864.0239 -1.337903 0.889536
gl 59867.0255 -0.304152 1.318792
gl 59870.0272 0.282454 0.932262
gl 59873.0289 -0.101508 0.764652
gl 59884.0900 -2.700083 1.512173
gl 59887.0375 -1.122160 2.983519
gl 60124.2618 -1.707269 2.968294
gl 60153.2351 2.585830 1.908544
gl 60162.1554 3.851032 2.625225
gl 60165.1446 0.180476 0.717223
gl 60168.1337 0.797143 0.866097
gl 60181.3223 2.229354 1.253243
gl 60184.3701 -1.038144 2.592105
gl 60194.1652 1.600505 1.068519
gl 60197.1258 -1.185562 0.919634
gl 60208.0307 -0.809869 1.360091
gl 60211.0202 -1.728593 3.072214
gl 60221.0230 -0.115778 0.893919
gl 60224.0217 1.356196 1.059214
gl 60227.0228 -0.520205 1.009821
gl 60237.2283 -0.980947 0.879216
gl 60240.0300 -2.344103 2.679530
gl 60249.0415 -0.633371 0.781576
gl 60490.2725 2.546836 1.818611
gl 60493.2450 -0.502206 0.992619
gl 60508.2715 -3.966490 3.531427
gl 60532.3565 1.794066 0.858803
gl 60535.1330 1.561872 2.477676
gl 60538.2428 1.118175 2.632041
gl 60546.3482 2.190148 2.867579
gl 60549.0956 1.253229 1.046819
gl 60567.2897 -0.770297 2.342864
gl 60574.1195 0.430226 2.222040
gl 60577.0263 -0.338527 1.416069
gl 60580.0173 0.536688 1.404498
gl 60593.0713 -0.438937 1.139278
gl 60596.0381 0.608270 3.672634
gl 60603.0286 1.030777 0.673884
gl 60606.0303 -0.833912 0.996964
gl 60609.0323 0.806452 0.710009
gl 60621.1810 0.915840 0.897896
gl 60624.1836 -2.547033 2.306025
rl 59750.4229 193.464157 1.868562
rl 59752.4070 215.187897 1.615106
rl 59767.2968 265.157593 1.715924
rl 59770.2179 257.939148 2.496544
rl 59779.3188 200.143417 2.592309
rl 59782.1897 175.414139 1.771896
rl 59797.2861 86.185913 1.200023
rl 59800.3168 78.367249 2.349951
rl 59807.1738 51.927353 1.654145
rl 59810.1045 44.679359 1.085381
rl 59813.1044 39.131500 1.032802
rl 59835.0600 15.428999 1.673415
rl 59839.0306 10.448298 1.194556
rl 59842.0207 8.631761 1.047670
rl 59854.0796 3.834962 1.118120
rl 59857.0453 2.867316 1.786545
rl 59864.0162 2.352000 0.858812
rl 59867.0178 0.567424 1.320275
rl 59870.0194 1.786492 0.936090
rl 59873.0212 1.857626 0.746471
rl 59884.0823 1.555658 1.100861
rl 59887.0298 0.160739 1.888534
rl 60124.2541 0.380828 2.299362
rl 60153.2274 0.917233 1.393264
rl 60162.1477 -1.100889 1.899629
rl 60165.1369 -0.583290 0.854160
rl 60168.1260 0.906631 0.888120
rl 60181.3147 -1.693834 1.269683
rl 60184.3625 0.537594 2.153519
rl 60194.1575 1.363890 1.076265
rl 60197.1181 -1.638081 1.106778
rl 60208.0229 0.500419 1.435318
rl 60211.0124 -0.483897 2.269041
rl 60221.0153 -0.242046 1.005465
rl 60224.0140 -0.197745 1.155925
rl 60227.0151 -1.093360 1.063074
rl 60237.2206 1.203985 0.929119
rl 60240.0223 1.156645 2.015012
rl 60249.0338 1.638656 0.874771
rl 60490.2647 1.490506 1.495244
rl 60493.2372 1.575088 1.064863
rl 60508.2638 -1.769839 2.456706
rl 60532.3489 0.744001 0.871872
rl 60535.1253 -1.358979 1.910032
rl 60538.2351 0.259257 1.815673
rl 60546.3406 -1.708620 1.914992
rl 60549.0879 2.015933 1.119088
rl 60567.2821 -1.862743 1.710775
rl 60574.1118 0.191549 1.562002
rl 60577.0186 0.884078 1.481287
rl 60580.0095 1.322372 1.462419
rl 60593.0636 -0.226153 0.958744
rl 60596.0304 -1.002442 2.599902
rl 60603.0208 -1.195757 0.717204
rl 60606.0225 1.514776 1.034299
rl 60609.0247 0.482463 0.750948
rl 60621.1734 0.773035 0.930506
rl 60624.1760 2.357529 1.684726
il 59750.4383 239.423737 2.660841
il 59752.4224 265.311493 2.061382
il 59767.3122 392.677307 2.470088
il 59770.2334 387.222656 2.968423
il 59779.3342 332.056671 2.872105
il 59782.2051 311.264099 2.888329
il 59797.3015 190.509857 2.209756
il 59800.3320 168.609985 2.823052
il 59807.1892 131.205322 1.900720
il 59810.1200 117.036636 1.914895
il 59813.1199 102.283508 1.698431
il 59835.0755 42.207226 2.286411
il 59839.0461 35.320606 1.624154
il 59842.0362 30.576853 1.630251
il 59854.0950 18.940239 1.497295
il 59857.0608 15.204965 1.904394
il 59864.0316 10.426378 1.418772
il 59867.0332 11.500164 2.202723
il 59870.0349 6.875999 1.513609
il 59873.0366 7.856533 1.245623
il 59884.0976 2.487620 1.533052
il 59887.0451 4.900182 2.293615
il 60124.2695 -0.703123 2.517375
il 60153.2428 2.003089 1.657821
il 60162.1631 -2.250959 2.783637
il 60165.1524 -0.789380 1.373697
il 60168.1414 -2.395748 1.670057
il 60181.3299 3.954485 2.227529
il 60184.3777 -1.576064 2.502675
il 60194.1729 -1.370030 1.797915
il 60197.1335 -0.898726 1.345109
il 60208.0384 0.436947 1.843179
il 60211.0279 -0.137135 2.616390
il 60221.0308 -1.444628 1.373536
il 60224.0294 -0.340695 1.908644
il 60227.0305 2.399094 1.609589
il 60237.2359 2.836809 1.526828
il 60240.0377 -0.095758 2.662563
il 60249.0492 -0.458281 1.294499
il 60490.2802 -0.199415 2.084750
il 60493.2527 -0.454194 1.679184
il 60508.2792 0.092676 2.694242
il 60532.3641 -0.004648 1.472132
il 60535.1408 0.993524 2.409331
il 60538.2505 0.067887 1.983713
il 60546.3558 -0.720953 2.319010
il 60549.1034 -0.662722 1.753901
il 60567.2973 0.962332 1.944909
il 60574.1272 -2.769793 1.998452
il 60577.0340 -0.047929 2.346827
il 60580.0250 -0.704904 2.323666
il 60593.0790 0.554753 1.357715
il 60596.0458 -1.628114 2.830670
il 60603.0363 1.822107 1.178185
il 60606.0379 1.097673 1.667391
il 60609.0400 -0.710530 1.226048
il 60621.1886 1.477869 1.603996
il 60624.1913 3.028142 2.199890
ul 59819.1532 -0.627775 1.930571
ul 59820.1047 -0.505491 1.874294
ul 59821.1026 0.798958 2.698310
ul 59822.1105 -8.258019 3.185098
ul 59823.1505 2.672230 2.980119
ul 59851.1114 1.428350 1.866996
ul 59874.0599 1.456683 1.617777
ul 59875.0311 0.511345 1.339536
ul 59876.0231 -0.652513 2.152617
ul 59877.0238 -2.101938 1.617643
ul 59878.0246 -3.133183 1.650163
ul 59879.0248 -3.085348 1.692574
ul 59880.0258 1.519455 1.378152
ul 60118.4163 -0.608534 1.578276
ul 60140.2290 2.913186 1.914816
ul 60141.2225 5.555604 3.606091
ul 60142.2202 -0.755002 3.127636
ul 60143.2212 0.609399 2.462520
ul 60144.2186 2.864400 1.969388
ul 60145.2123 -2.053272 2.454749
ul 60176.1332 -2.653753 2.402656
ul 60177.1370 3.904172 2.849726
ul 60198.1077 3.221955 2.495198
ul 60199.0914 -2.176450 3.175374
ul 60200.0650 -3.041610 2.559577
ul 60201.0680 -1.451533 2.920141
ul 60202.0552 0.023192 2.108191
ul 60206.1107 1.890497 1.583500
ul 60207.1469 -0.316871 2.859983
ul 60228.0187 1.051742 2.757166
ul 60229.0162 -2.847290 2.767707
ul 60234.0265 2.181226 2.299435
ul 60260.0423 -0.825265 2.685712
ul 60261.0361 1.552042 1.947434
ul 60262.0367 3.409328 1.875881
ul 60263.0373 0.497470 2.230173
ul 60264.0465 -0.589303 1.947036
ul 60499.2467 -1.176072 2.640203
ul 60500.2437 2.750783 2.121426
ul 60501.2385 1.677946 2.343482
ul 60502.2355 -1.975819 2.666606
ul 60524.2390 0.495826 2.115123
ul 60525.1736 -7.859568 2.978174
ul 60554.0964 -3.259908 2.516833
ul 60555.0951 3.384456 2.057525
ul 60556.0879 -0.061378 2.520569
ul 60557.0831 -3.090869 1.831832
ul 60558.1093 -2.564971 2.326372
ul 60559.1097 3.428500 2.023162
ul 60560.1065 -6.843453 2.859433
ul 60582.0840 -3.793263 2.080689
ul 60583.0169 3.310701 2.994846
ul 60584.0117 1.744335 2.315895
ul 60585.0117 -3.386706 1.873015
ul 60586.0123 -2.486153 1.805302
ul 60587.0127 -2.999338 2.109735
ul 60588.0131 1.917417 1.684578
ul 60612.0266 -1.183905 1.177037
ul 60613.0269 -0.588717 1.272692
ul 60614.0276 -0.991020 1.451235
ul 60615.0375 0.410022 1.630926
ul 60616.0290 -0.986078 1.715999
ul 60617.0295 -2.199252 1.334364
gl 59750.4306 115.924324 2.278137
gl 59752.4147 129.514328 1.441511
gl 59767.3045 119.819618 1.163565
gl 59770.2256 105.659843 2.889651
gl 59779.3265 73.854942 2.892221
gl 59782.1974 57.134460 1.486521
gl 59797.2938 21.322037 1.140589
gl 59800.3244 17.397604 3.356263
gl 59807.1815 7.693765 2.090219
gl 59810.1122 7.302386 1.008661
gl 59813.1122 5.885094 0.968417
gl 59835.0678 1.348145 2.491904
gl 59839.0384 1.495599 1.152235
gl 59842.0285 0.850998 1.051673
gl 59854.0873 -0.514676 1.201151
gl 59857.0531 4.751623 2.473139
gl 59864.0239 -1.337903 0.889536
gl 59867.0255 -0.304152 1.318792
gl 59870.0272 0.282454 0.932262
gl 59873.0289 -0.101508 0.764652
gl 59884.0900 -2.700083 1.512173
gl 59887.0375 -1.122160 2.983519
gl 60124.2618 -1.707269 2.968294
gl 60153.2351 2.585830 1.908544
gl 60162.1554 3.851032 2.625225
gl 60165.1446 0.180476 0.717223
gl 60168.1337 0.797143 0.866097
gl 60181.3223 2.229354 1.253243
gl 60184.3701 -1.038144 2.592105
gl 60194.1652 1.600505 1.068519
gl 60197.1258 -1.185562 0.919634
gl 60208.0307 -0.809869 1.360091
gl 60211.0202 -1.728593 3.072214
gl 60221.0230 -0.115778 0.893919
gl 60224.0217 1.356196 1.059214
gl 60227.0228 -0.520205 1.009821
gl 60237.2283 -0.980947 0.879216
gl 60240.0300 -2.344103 2.679530
gl 60249.0415 -0.633371 0.781576
gl 60490.2725 2.546836 1.818611
gl 60493.2450 -0.502206 0.992619
gl 60508.2715 -3.966490 3.531427
gl 60532.3565 1.794066 0.858803
gl 60535.1330 1.561872 2.477676
gl 60538.2428 1.118175 2.632041
gl 60546.3482 2.190148 2.867579
gl 60549.0956 1.253229 1.046819
gl 60567.2897 -0.770297 2.342864
gl 60574.1195 0.430226 2.222040
gl 60577.0263 -0.338527 1.416069
gl 60580.0173 0.536688 1.404498
gl 60593.0713 -0.438937 1.139278
gl 60596.0381 0.608270 3.672634
gl 60603.0286 1.030777 0.673884
gl 60606.0303 -0.833912 0.996964
gl 60609.0323 0.806452 0.710009
gl 60621.1810 0.915840 0.897896
gl 60624.1836 -2.547033 2.306025
rl 59750.4229 193.464157 1.868562
rl 59752.4070 215.187897 1.615106
rl 59767.2968 265.157593 1.715924
rl 59770.2179 257.939148 2.496544
rl 59779.3188 200.143417 2.592309
rl 59782.1897 175.414139 1.771896
rl 59797.2861 86.185913 1.200023
rl 59800.3168 78.367249 2.349951
rl 59807.1738 51.927353 1.654145
rl 59810.1045 44.679359 1.085381
rl 59813.1044 39.131500 1.032802
rl 59835.0600 15.428999 1.673415
rl 59839.0306 10.448298 1.194556
rl 59842.0207 8.631761 1.047670
rl 59854.0796 3.834962 1.118120
rl 59857.0453 2.867316 1.786545
rl 59864.0162 2.352000 0.858812
rl 59867.0178 0.567424 1.320275
rl 59870.0194 1.786492 0.936090
rl 59873.0212 1.857626 0.746471
rl 59884.0823 1.555658 1.100861
rl 59887.0298 0.160739 1.888534
rl 60124.2541 0.380828 2.299362
rl 60153.2274 0.917233 1.393264
rl 60162.1477 -1.100889 1.899629
rl 60165.1369 -0.583290 0.854160
rl 60168.1260 0.906631 0.888120
rl 60181.3147 -1.693834 1.269683
rl 60184.3625 0.537594 2.153519
rl 60194.1575 1.363890 1.076265
rl 60197.1181 -1.638081 1.106778
rl 60208.0229 0.500419 1.435318
rl 60211.0124 -0.483897 2.269041
rl 60221.0153 -0.242046 1.005465
rl 60224.0140 -0.197745 1.155925
rl 60227.0151 -1.093360 1.063074
rl 60237.2206 1.203985 0.929119
rl 60240.0223 1.156645 2.015012
rl 60249.0338 1.638656 0.874771
rl 60490.2647 1.490506 1.495244
rl 60493.2372 1.575088 1.064863
rl 60508.2638 -1.769839 2.456706
rl 60532.3489 0.744001 0.871872
rl 60535.1253 -1.358979 1.910032
rl 60538.2351 0.259257 1.815673
rl 60546.3406 -1.708620 1.914992
rl 60549.0879 2.015933 1.119088
rl 60567.2821 -1.862743 1.710775
rl 60574.1118 0.191549 1.562002
rl 60577.0186 0.884078 1.481287
rl 60580.0095 1.322372 1.462419
rl 60593.0636 -0.226153 0.958744
rl 60596.0304 -1.002442 2.599902
rl 60603.0208 -1.195757 0.717204
rl 60606.0225 1.514776 1.034299
rl 60609.0247 0.482463 0.750948
rl 60621.1734 0.773035 0.930506
rl 60624.1760 2.357529 1.684726
il 59750.4383 239.423737 2.660841
il 59752.4224 265.311493 2.061382
il 59767.3122 392.677307 2.470088
il 59770.2334 387.222656 2.968423
il 59779.3342 332.056671 2.872105
il 59782.2051 311.264099 2.888329
il 59797.3015 190.509857 2.209756
il 59800.3320 168.609985 2.823052
il 59807.1892 131.205322 1.900720
il 59810.1200 117.036636 1.914895
il 59813.1199 102.283508 1.698431
il 59835.0755 42.207226 2.286411
il 59839.0461 35.320606 1.624154
il 59842.0362 30.576853 1.630251
il 59854.0950 18.940239 1.497295
il 59857.0608 15.204965 1.904394
il 59864.0316 10.426378 1.418772
il 59867.0332 11.500164 2.202723
il 59870.0349 6.875999 1.513609
il 59873.0366 7.856533 1.245623
il 59884.0976 2.487620 1.533052
il 59887.0451 4.900182 2.293615
il 60124.2695 -0.703123 2.517375
il 60153.2428 2.003089 1.657821
il 60162.1631 -2.250959 2.783637
il 60165.1524 -0.789380 1.373697
il 60168.1414 -2.395748 1.670057
il 60181.3299 3.954485 2.227529
il 60184.3777 -1.576064 2.502675
il 60194.1729 -1.370030 1.797915
il 60197.1335 -0.898726 1.345109
il 60208.0384 0.436947 1.843179
il 60211.0279 -0.137135 2.616390
il 60221.0308 -1.444628 1.373536
il 60224.0294 -0.340695 1.908644
il 60227.0305 2.399094 1.609589
il 60237.2359 2.836809 1.526828
il 60240.0377 -0.095758 2.662563
il 60249.0492 -0.458281 1.294499
il 60490.2802 -0.199415 2.084750
il 60493.2527 -0.454194 1.679184
il 60508.2792 0.092676 2.694242
il 60532.3641 -0.004648 1.472132
il 60535.1408 0.993524 2.409331
il 60538.2505 0.067887 1.983713
il 60546.3558 -0.720953 2.319010
il 60549.1034 -0.662722 1.753901
il 60567.2973 0.962332 1.944909
il 60574.1272 -2.769793 1.998452
il 60577.0340 -0.047929 2.346827
il 60580.0250 -0.704904 2.323666
il 60593.0790 0.554753 1.357715
il 60596.0458 -1.628114 2.830670
il 60603.0363 1.822107 1.178185
il 60606.0379 1.097673 1.667391
il 60609.0400 -0.710530 1.226048
il 60621.1886 1.477869 1.603996
il 60624.1913 3.028142 2.199890
ul 59821.1026 0.798958 2.698310
ul 59823.1505 2.672230 2.980119
ul 59851.1114 1.428350 1.866996
ul 59874.0599 1.456683 1.617777
ul 59875.0311 0.511345 1.339536
ul 59880.0258 1.519455 1.378152
ul 60140.2290 2.913186 1.914816
ul 60141.2225 5.555604 3.606091
ul 60143.2212 0.609399 2.462520
ul 60144.2186 2.864400 1.969388
ul 60177.1370 3.904172 2.849726
ul 60198.1077 3.221955 2.495198
ul 60202.0552 0.023192 2.108191
ul 60206.1107 1.890497 1.583500
ul 60228.0187 1.051742 2.757166
ul 60234.0265 2.181226 2.299435
ul 60261.0361 1.552042 1.947434
ul 60262.0367 3.409328 1.875881
ul 60263.0373 0.497470 2.230173
ul 60500.2437 2.750783 2.121426
ul 60501.2385 1.677946 2.343482
ul 60524.2390 0.495826 2.115123
ul 60555.0951 3.384456 2.057525
ul 60559.1097 3.428500 2.023162
ul 60583.0169 3.310701 2.994846
ul 60584.0117 1.744335 2.315895
ul 60588.0131 1.917417 1.684578
ul 60615.0375 0.410022 1.630926
gl 59750.4306 115.924324 2.278137
gl 59752.4147 129.514328 1.441511
gl 59767.3045 119.819618 1.163565
gl 59770.2256 105.659843 2.889651
gl 59779.3265 73.854942 2.892221
gl 59782.1974 57.134460 1.486521
gl 59797.2938 21.322037 1.140589
gl 59800.3244 17.397604 3.356263
gl 59807.1815 7.693765 2.090219
gl 59810.1122 7.302386 1.008661
gl 59813.1122 5.885094 0.968417
gl 59835.0678 1.348145 2.491904
gl 59839.0384 1.495599 1.152235
gl 59842.0285 0.850998 1.051673
gl 59857.0531 4.751623 2.473139
gl 59870.0272 0.282454 0.932262
gl 60153.2351 2.585830 1.908544
gl 60162.1554 3.851032 2.625225
gl 60165.1446 0.180476 0.717223
gl 60168.1337 0.797143 0.866097
gl 60181.3223 2.229354 1.253243
gl 60194.1652 1.600505 1.068519
gl 60224.0217 1.356196 1.059214
gl 60490.2725 2.546836 1.818611
gl 60532.3565 1.794066 0.858803
gl 60535.1330 1.561872 2.477676
gl 60538.2428 1.118175 2.632041
gl 60546.3482 2.190148 2.867579
gl 60549.0956 1.253229 1.046819
gl 60574.1195 0.430226 2.222040
gl 60580.0173 0.536688 1.404498
gl 60596.0381 0.608270 3.672634
gl 60603.0286 1.030777 0.673884
gl 60609.0323 0.806452 0.710009
gl 60621.1810 0.915840 0.897896
rl 59750.4229 193.464157 1.868562
rl 59752.4070 215.187897 1.615106
rl 59767.2968 265.157593 1.715924
rl 59770.2179 257.939148 2.496544
rl 59779.3188 200.143417 2.592309
rl 59782.1897 175.414139 1.771896
rl 59797.2861 86.185913 1.200023
rl 59800.3168 78.367249 2.349951
rl 59807.1738 51.927353 1.654145
rl 59810.1045 44.679359 1.085381
rl 59813.1044 39.131500 1.032802
rl 59835.0600 15.428999 1.673415
rl 59839.0306 10.448298 1.194556
rl 59842.0207 8.631761 1.047670
rl 59854.0796 3.834962 1.118120
rl 59857.0453 2.867316 1.786545
rl 59864.0162 2.352000 0.858812
rl 59867.0178 0.567424 1.320275
rl 59870.0194 1.786492 0.936090
rl 59873.0212 1.857626 0.746471
rl 59884.0823 1.555658 1.100861
rl 59887.0298 0.160739 1.888534
rl 60124.2541 0.380828 2.299362
rl 60153.2274 0.917233 1.393264
rl 60168.1260 0.906631 0.888120
rl 60184.3625 0.537594 2.153519
rl 60194.1575 1.363890 1.076265
rl 60208.0229 0.500419 1.435318
rl 60237.2206 1.203985 0.929119
rl 60240.0223 1.156645 2.015012
rl 60249.0338 1.638656 0.874771
rl 60490.2647 1.490506 1.495244
rl 60493.2372 1.575088 1.064863
rl 60532.3489 0.744001 0.871872
rl 60538.2351 0.259257 1.815673
rl 60549.0879 2.015933 1.119088
rl 60574.1118 0.191549 1.562002
rl 60577.0186 0.884078 1.481287
rl 60580.0095 1.322372 1.462419
rl 60606.0225 1.514776 1.034299
rl 60609.0247 0.482463 0.750948
rl 60621.1734 0.773035 0.930506
rl 60624.1760 2.357529 1.684726
il 59750.4383 239.423737 2.660841
il 59752.4224 265.311493 2.061382
il 59767.3122 392.677307 2.470088
il 59770.2334 387.222656 2.968423
il 59779.3342 332.056671 2.872105
il 59782.2051 311.264099 2.888329
il 59797.3015 190.509857 2.209756
il 59800.3320 168.609985 2.823052
il 59807.1892 131.205322 1.900720
il 59810.1200 117.036636 1.914895
il 59813.1199 102.283508 1.698431
il 59835.0755 42.207226 2.286411
il 59839.0461 35.320606 1.624154
il 59842.0362 30.576853 1.630251
il 59854.0950 18.940239 1.497295
il 59857.0608 15.204965 1.904394
il 59864.0316 10.426378 1.418772
il 59867.0332 11.500164 2.202723
il 59870.0349 6.875999 1.513609
il 59873.0366 7.856533 1.245623
il 59884.0976 2.487620 1.533052
il 59887.0451 4.900182 2.293615
il 60153.2428 2.003089 1.657821
il 60181.3299 3.954485 2.227529
il 60208.0384 0.436947 1.843179
il 60227.0305 2.399094 1.609589
il 60237.2359 2.836809 1.526828
il 60508.2792 0.092676 2.694242
il 60535.1408 0.993524 2.409331
il 60538.2505 0.067887 1.983713
il 60567.2973 0.962332 1.944909
il 60593.0790 0.554753 1.357715
il 60603.0363 1.822107 1.178185
il 60606.0379 1.097673 1.667391
il 60621.1886 1.477869 1.603996
il 60624.1913 3.028142 2.199890
